-9.903201343910196242e-01,-9.999472265689696160e-01,-9.559812020085641793e-01,-9.994228712344110921e-01,-9.724650603330560195e-01,-9.755658758235242756e-01,-9.974622908779219310e-01,-9.875208057064730482e-01,-8.613382732040548717e-01,-7.549599947850463844e-01,-9.709534743146515101e-01,-8.013665610814713069e-01,-6.965103479059102654e-01,-6.895796905050272096e-01,-6.375801110158565432e-01,-6.141641047224004613e-01,4.511484872383030309e-01,-2.800935428386415460e-02,1.406630932739704742e-01,-3.425998055398560282e-02,1.363584193907029785e-01,5.472329649378903094e-01,7.093598822724798136e-01,4.810272948717040364e-01,5.723132298292907816e-01,6.904210766284974987e-01,7.077255834517671707e-01,4.102581429530102186e-01,8.941419660057691177e-01,8.960140407646625116e-01,6.186773873832533965e-01,4.407564755474076557e-01,2.139481123491689118e-02,9.025260691042764905e-02,2.878269347101260547e-02,3.577601421354802413e-01,-3.750113765650899822e-01,-1.737797214601609908e-01,-2.671380837806827668e-01,-2.458792134193947265e-01,-9.502417271645493546e-01,-8.414254969279473251e-01,-9.844793910388361935e-01,-9.247000596353954771e-01,-9.984773905681069150e-01,-9.635738197733138000e-01,-9.903554643088354759e-01,-9.577062998529218829e-01,-9.885087310390497928e-01,-7.676772729015681751e-01,-9.895520031889175616e-01,-9.825062481238898693e-01,-9.883860617498468892e-01,-9.991524922453355328e-01,-9.861233131260707108e-01,-9.372597816843283303e-01,-8.685188856347862973e-01,-8.773535903090441401e-01,-9.568547951825470133e-01,-9.988011052413373614e-01,-6.721846114094732760e-01,-3.234380849788397461e-01,-6.477991748287700302e-01,-3.958819133953082603e-01,-2.181810317966493273e-01,1.681686052772831397e-01,1.353799258049634413e-01,1.894498071654251714e-01,7.049122056488295041e-01,3.737221940005254761e-01,6.335225247898932377e-01,6.038783670542386961e-01,6.990618349672036436e-01,6.435100483068544319e-01,6.679078837692515869e-01,6.487683639269427038e-01,7.680501653199520717e-01,5.029188629019881729e-01,8.074714357152780186e-01,3.343601697644232873e-01,3.094719982469313901e-01,4.803781834321058652e-01,9.902944168204876052e-02,1.086707067643359614e-01,-5.675777819933951474e-01,-2.933266683254251439e-01,-4.553976907351483527e-01,-6.113792236348717379e-01,-8.532186165191081306e-01,-9.967594023322378094e-01,-9.995463624576166328e-01,-9.777405233772629156e-01,-9.675673759579955790e-01,-9.989871883010167375e-01,-9.499672665124950788e-01,-9.915022553699333052e-01,-9.862571175549865732e-01,-9.788702754615675738e-01,-9.941270438952070077e-01,-8.787507006998436232e-01,-9.885889928708097019e-01,-9.999763503912231233e-01,-9.996399421220227843e-01,-9.971591408920172928e-01,-9.665754570258821010e-01,-9.325699189583813720e-01,-9.577483454694308840e-01,-7.951484370497560183e-01,-7.977785175408358409e-01,-5.228206885700384943e-01,-3.615104855465487987e-01,-7.588927533384929314e-01,5.369615309071347486e-02,-1.848343666434560384e-01,2.242403933398203972e-02,1.754090922255766016e-01,6.275399102507396298e-01,4.254200853845986341e-01,4.308796426280962488e-01,4.527022727196134411e-01,5.972907527301740682e-01,6.288142982757444210e-01,4.381010549244011010e-01,8.783565484415953861e-01,7.356346458691997992e-01,8.293042943242210363e-01,6.931857478861993549e-01,6.530187018393289744e-01,4.756655692624606746e-01,4.030234972413472838e-01,-7.254112590193420584e-02,5.896110590937836404e-01,-9.996417860192412588e-03,-6.424689942223051897e-01,-1.934487382543594591e-01,-6.984415494237889988e-01,-9.289154912054863322e-01,-9.956692529954854765e-01,-9.963407507236722305e-01,-9.078815673319557966e-01,-9.865464637754678412e-01,-9.991055016280482315e-01,-9.893372826497572881e-01,-9.862998492773881187e-01,-9.862859387024792701e-01,-9.997202199421629798e-01,-8.738252179121301921e-01,-9.999623517335118894e-01,-9.806902248194045990e-01,-9.952035904447382730e-01,-9.474112816080918487e-01,-9.980534487078658312e-01,-9.877593489074476540e-01,-6.709756901320013123e-01,-7.138807943618175056e-01,-9.047005547385523760e-01,-8.047273717202040322e-01,-8.055024069838290224e-01,-7.401975632632948887e-01,-6.910933891923094485e-01,-1.654043329876586643e-01,-2.435584206023707343e-01,-2.287279486675923221e-02,2.323932384328710257e-02,4.318393378700036700e-01,4.793050928981220649e-01,5.121773042435220358e-01,5.679138611392762215e-01,6.703153955786185225e-01,7.488170767934201333e-01,7.960552608971344091e-01,5.482235392391009432e-01,4.471329885795838344e-01,7.324301610144239305e-01,8.680351115143677410e-01,6.689920811682104063e-01,2.552829000948297899e-01,1.736369683800025043e-01,-4.818218790781607364e-02,2.205460458281066072e-01,-5.489441864992156139e-01,-3.522328647441688720e-01,-4.583335785237246940e-01,-6.829141786283486892e-01,-9.228916041585309982e-01,-9.882625862786980075e-01,-9.689205928668035428e-01,-9.059820229332916641e-01,-9.580893817640032673e-01,-9.784280467444926854e-01,-9.594813219868311149e-01,-9.970966952886533008e-01,-9.782171312165599542e-01,-9.924842541144343055e-01,-9.997587180523020978e-01,-9.194282767581386517e-01,-9.825019405837270847e-01,-9.943979954842111502e-01,-9.996327215635034680e-01,-9.279354438350676526e-01,-9.903630379740274714e-01,-9.797567986168369547e-01,-9.879757537815094803e-01,-8.561459929853952877e-01,-6.423212421961344010e-01,-8.559080878082335753e-01,-6.454170937062205793e-01,-7.269599920186233799e-01,1.140259954572169290e-02,-1.030197685779840749e-01,-8.312443225297656835e-02,1.308083526186882284e-01,3.911112705604961604e-01,3.625969642466185805e-01,4.504798442081445198e-01,2.139937660011735909e-01,4.264569935168798787e-01,8.606252262531403074e-01,8.315092055618518163e-01,8.187961818172786455e-01,6.174888959716456904e-01,5.441104540940383538e-01,4.549959976013048801e-01,5.541668988142621766e-01,1.006804180990226449e-01,1.129967308637395279e-01,-6.926101762146458229e-02,2.463471296125734344e-01,-6.401643728386884336e-01,-5.406561706710928394e-01,-6.544382401757271595e-01,-2.488647326416876249e-01,-9.140191913537943913e-01,-9.780004195345440854e-01,-9.779898974785969923e-01,-9.517380266109148890e-01,-9.723143080283496165e-01,-9.904827894085524997e-01,-9.997548545008281273e-01,-9.905237220941975895e-01,-9.991401617758391973e-01,-8.763265482571844789e-01,-9.595399154715038570e-01,-9.539379098348053088e-01,-9.973147844818383012e-01,-9.950743193380635621e-01,-9.375585831266587400e-01,-9.993597914330413223e-01,-9.887288475781466079e-01,-9.982570926562660540e-01,-9.475917105614698466e-01,-9.899406860839705669e-01,-7.898880481827861288e-01,-5.346813967818715430e-01,-6.361449321528923617e-01,-6.031304144567759540e-01,-2.450855984578792154e-02,-6.401788364047701629e-02,-1.351855126128754803e-01,-1.729583992242244017e-01,1.487242995467462359e-01,5.785663994867710214e-01,5.023873972455850101e-01,5.529271507255008045e-01,8.084331296252782462e-01,5.863546548540763403e-01,6.034009862975049376e-01,8.010412701902484001e-01,5.035498950017515130e-01,6.287319587211557259e-01,8.471416569217830039e-01,8.298488394333995988e-01,-2.146145911739135489e-03,4.947332189852373663e-01,-2.957491962126658214e-01,5.569087131859565831e-01,-9.504242393280830370e-02,-3.439491939223052741e-01,-7.389457917773517570e-01,-6.142739008135975620e-01,-9.638749622282742902e-01,-8.564929508592850071e-01,-9.138384294391793672e-01,-9.804443444166016652e-01,-9.752739999817938710e-01,-9.847029789609990091e-01,-9.952266547482382375e-01,-9.992305036832752618e-01,-9.887872059351675569e-01,-9.958021542475363752e-01,-8.730861556413791469e-01,-9.992531242956157467e-01,-8.951917918508683902e-01,-9.845321469326411279e-01,-9.529131134915294066e-01,-9.616266254709512351e-01,-9.191851164034848809e-01,-9.426381867881621357e-01,-9.008007369662848207e-01,-9.545591608763940306e-01,-8.218718360982639748e-01,-5.035307290039763295e-01,-6.055250306662297577e-01,-7.177470828279736148e-01,-3.133379022533842595e-01,5.313540899304676490e-02,3.251138839182506068e-02,-1.736453256059591055e-01,3.745034444222751779e-01,2.222583515597321979e-01,4.450950002536013805e-01,2.868390946852888979e-01,6.378719506092925817e-01,5.717811933118421841e-01,6.792864507498482807e-01,6.019502134455385622e-01,6.413711792379731547e-01,6.828016864627202143e-01,8.469720998429560721e-01,8.413665105361585184e-01,1.657333153379163815e-01,-3.180605773592489523e-03,1.412603277398176982e-01,1.301528141574682072e-02,-4.728791363734132780e-01,-5.637619927497014016e-01,-1.997468616802692554e-01,-4.699038624410528664e-01,-9.303629765356840053e-01,-9.992264137118254119e-01,-9.384252821701873915e-01,-9.188344059442705714e-01,-9.984253984202224874e-01,-9.955581690952290952e-01,-9.564796959550425637e-01,-9.989484077612460489e-01,-9.931396797597075166e-01,-9.601259800618591189e-01,-9.990593199333843710e-01,-9.574721650359818703e-01,-9.843485917350468517e-01,-9.911668883032784816e-01,-9.415340988081710716e-01,-9.377724047037778732e-01,-9.807987427937792102e-01,-9.286601981567043085e-01,-9.080072192084642779e-01,-8.992753268455954130e-01,-8.231378245701299612e-01,-5.040653397470357122e-01,-4.330611949365230640e-01,-7.097151985589427170e-01,7.886726661815098016e-02,-1.907149092938148841e-02,-3.465186936950016006e-01,2.460390194094899119e-01,4.638104353235707467e-01,5.729735636576492874e-01,1.473708222726603616e-02,2.029967847382504742e-01,7.523478729769074169e-01,5.152994511687143397e-01,3.760755905716202108e-01,7.024783080468919305e-01,6.589175767684863905e-01,5.923232504796656084e-01,5.011013371903260127e-01,7.290549105761303661e-01,-3.948808327198197882e-02,2.168559342258850053e-01,2.484447429180637323e-01,3.020465629500348470e-01,-3.799176801651090174e-01,-4.767547425304508590e-01,-3.479670519717164567e-01,-6.613578961063112382e-01,-9.859205187669609627e-01,-9.824377375442777671e-01,-9.844640600953522558e-01,-9.145359912100925470e-01,-9.996299332198461673e-01,-9.960746659826625882e-01,-9.800543403277238719e-01,-9.847692120754339973e-01,-9.869835979560538375e-01,-9.979979533727870722e-01,-9.961180671995017999e-01,-9.826656480900957114e-01,-9.769196465461896794e-01,-9.865253551162753709e-01,-9.921212727705100987e-01,-9.408367473788031843e-01,-7.690803105700587672e-01,-9.958013055031437188e-01,-8.951912583780461397e-01,-9.989653609158244407e-01,-3.372282194998915683e-01,-5.328414124834783827e-01,-6.393270243008225551e-01,-7.623318353558008464e-01,2.052788581934645862e-01,-6.640283243680905612e-01,6.908549284202204765e-02,1.232521108345005501e-01,5.697684177650379489e-01,5.167641229650888901e-01,1.084547263921509935e-01,5.538530819215145007e-01,4.382603885649155040e-01,4.971671302309381701e-01,3.882367867170082310e-01,8.966204823883400232e-01,6.077937792765987224e-01,7.217737689741675622e-01,6.745924027913701160e-01,7.456772176515830131e-01,3.079742786156035028e-01,4.377446618359926572e-02,1.180874201523462834e-02,2.159814281078169806e-01,-3.429216709755933956e-01,-6.425224152995772098e-01,-6.598244518396214620e-01,-6.190654806639842578e-01,-9.871231616802574882e-01,-9.684096630763401325e-01,-8.585147549926031019e-01,-9.221372152703781744e-01,-9.860211094685602529e-01,-9.996322880300485547e-01,-9.832871125198622275e-01,-9.982821342663652509e-01,-9.998754404468225276e-01,-9.807363384809301143e-01,-8.710279279310922940e-01,-8.885794679424936504e-01,-9.999760063428991819e-01,-9.515146778770412483e-01,-9.229352174291675093e-01,-9.493044287507492740e-01,-7.478540116635965518e-01,-9.398046166192725037e-01,-9.966579553873669006e-01,-9.986824802580771543e-01,-6.564087818595633061e-01,-3.800113975602197325e-01,-7.298228975792061535e-01,-6.013363189065852321e-01,-5.521414879512325652e-02,-2.454155514166556085e-01,-9.306470627685038688e-02,1.525838890443851070e-01,5.760757494685330160e-01,5.162061858039197482e-01,5.426092298823214088e-01,3.249065777946165690e-01,6.170679508167015159e-01,7.031378392329952209e-01,7.354868305140760398e-01,8.250512645117421551e-01,4.418158096313122285e-01,8.063452568271693988e-01,8.008620783699282875e-01,4.078671534900847329e-01,5.804662281791135303e-01,3.983397958626172519e-01,3.442340990642624998e-01,5.619005861942385494e-01,-2.852744617791699855e-01,-5.278678225616173503e-01,-3.667001547548521256e-01,-4.666448066686518237e-01,-9.433911662169528478e-01,-9.987923436316962222e-01,-7.849434563447807989e-01,-9.224868584427011742e-01,-9.687965819299002579e-01,-9.971263805647384570e-01,-9.970167813204264817e-01,-9.808581692470852431e-01,-9.998270766844072899e-01,-9.901797627975550409e-01,-9.601889331212638545e-01,-9.431785604127002065e-01,-9.996302713501427073e-01,-9.251734739529559048e-01,-9.870380526356252737e-01,-9.309032637679955924e-01,-9.654236512580205432e-01,-9.175633127485958163e-01,-9.753197007119985829e-01,-8.336492122318375220e-01,-6.142866489700078425e-01,-6.627702932006793723e-01,-6.887172133375664140e-01,-6.224045466019029194e-01,2.957045885606132130e-01,6.735228250795186056e-02,1.003704892806440846e-01,1.273300711814768504e-01,2.990570378981477484e-01,3.889585822180707808e-01,3.500676492524924521e-01,1.678964674813137603e-01,7.034179955127245476e-01,5.102503143145658004e-01,6.389162994857471300e-01,5.452682782504838510e-01,4.262166214383747431e-01,3.171783794925866484e-01,5.986374459005925353e-01,7.268349656380393986e-01,7.343892167037614077e-03,1.598725635780828130e-02,-2.647028920094862126e-01,3.398456987119233830e-01,-3.541108996156209776e-01,-3.561022105883205890e-01,-4.489942853870500516e-01,-6.170766840540664600e-01,-9.990927583316568938e-01,-7.822326419257418229e-01,-9.738431698924382429e-01,-9.979919724356465238e-01,-9.933978272912682428e-01,-8.898492740752388386e-01,-9.855088054212413073e-01,-9.966868433862549059e-01,-9.966057574764233262e-01,-9.775321456302527023e-01,-9.974017283694902591e-01,-9.677869196582412625e-01,-9.996087971251939042e-01,-9.910502972246967301e-01,-9.929442861775134022e-01,-9.547938513526537108e-01,-8.584010440140291687e-01,-9.322113940512559704e-01,-9.451032944842302497e-01,-8.245262009629701350e-01,-6.767499431300224577e-01,-8.377866279265056004e-01,-5.463605899048806780e-01,-3.134114529381867853e-01,4.908720556885023262e-02,4.233668624356896198e-02,-9.745253101213505187e-02,1.088914780880425037e-01,6.190767687615246206e-01,3.195755036801996019e-01,5.371563215124759427e-01,4.944861617539735299e-01,6.500938414111904207e-01,5.840778391287045901e-01,4.853433937005598442e-01,8.440126450440156303e-01,6.349373634559456470e-01,6.483168672920288644e-01,5.516444781902735128e-01,6.196265706265213780e-01,9.886143826579591246e-03,2.506148995462863516e-01,1.863052472180621866e-01,4.820251271720722430e-01,-5.018243400363371354e-01,-6.872928296124117820e-01,-4.559823402747680832e-01,-4.774278409347270102e-01,-9.497401544605520440e-01,-9.962092551985981537e-01,-9.550088438938499902e-01,-9.999037360850856482e-01,-9.992459118270370366e-01,-9.995390784912077109e-01,-9.911675761893734560e-01,-9.735733446158933990e-01,-6.945180387795644172e-01,-9.474607720236531971e-01,-9.950007848292664603e-01,-9.900115000317837310e-01,-9.523378570305135460e-01,-9.670172665779787069e-01,-9.999560101837100534e-01,-9.999544457312710133e-01,-9.984612844907825302e-01,-9.141731070317841157e-01,-8.737485717850353995e-01,-9.228303309100767127e-01,-6.444103475644920032e-01,-7.269740917717042450e-01,-5.389986394286532256e-01,-5.093706176881585002e-01,-2.772928989780940046e-01,-3.324885847594619137e-01,1.678318164608197660e-01,1.701288950556096857e-01,5.543681597871797928e-01,1.683794812142531960e-02,6.038062607065652898e-01,2.284334796111491817e-01,6.741793936706762524e-01,7.204133737092583978e-01,7.691377337291803729e-01,8.153065463564187487e-01,7.239569287148330812e-01,6.669279245552722779e-01,9.059344394267809797e-01,5.108520382870174181e-01,-9.510947836183540616e-02,2.608028773124120847e-01,4.341247123831194488e-01,8.442475116122825918e-02,-4.664113008404012217e-01,-7.259941364600276392e-01,-2.773976687779188266e-01,-2.436558420002630787e-01,-9.978036092574313898e-01,-9.725857215450300908e-01,-9.999556034648934277e-01,-9.173535147529737754e-01,-9.539233811365499527e-01,-9.999817027281074910e-01,-9.977063629901850028e-01,-9.971633743048535781e-01,-9.956968543939359595e-01,-9.690188627027209733e-01,-9.989639591220103032e-01,-9.985360308967111687e-01,-9.994990298147008456e-01,-9.970478993028075720e-01,-9.999009424580906913e-01,-8.712158187520682162e-01,-9.583615146481436753e-01,-9.724640765672759590e-01,-9.378018550674753762e-01,-9.307300688717675685e-01,-3.941313357620376823e-01,-3.480090103288071002e-01,-6.311724323658377545e-01,-7.260318056621101190e-01,-1.899078332309160899e-01,2.966462539066593296e-01,3.277128416124046595e-01,2.625356445342852396e-01,4.524887587662405064e-01,5.955812219251801487e-01,4.966944165943396050e-01,4.532534746165584605e-01,8.023206768445825254e-01,6.121710968478389914e-01,6.483307524449984927e-01,7.773357172250580094e-01,6.851262589732532993e-01,6.138260456862448811e-01,7.180332193031280230e-01,9.502346027443753229e-01,5.965647542256455882e-01,9.246534383228720289e-02,3.676689963847741272e-01,4.108988327792537087e-01,2.023930568413685460e-01,-3.843958357874149301e-01,3.328038750961615638e-02,-3.364981033453664505e-01,-6.361319599608165065e-01,-8.915576222237568960e-01,-6.237028217955100651e-01,-9.396002503115274962e-01,-9.681811258313762769e-01,-9.841890183321525543e-01,-9.948248916076747328e-01,-9.726600563104498276e-01,-9.999839576836295763e-01,-9.892296053034876913e-01,-9.350008878378071042e-01,-9.903348385393618836e-01,-9.996854416295793966e-01,-8.948589839374158084e-01,-9.502459765167402539e-01,-9.593543841474508893e-01,-7.345555401950841778e-01,-8.380901477103270825e-01,-7.809098930502237357e-01,-8.377438312904640361e-01,-3.337364981957993137e-01,1.577770838801396958e-02,-3.761373346737419965e-01,-4.529665755618705325e-01,6.108977082752049537e-01,3.586149407121542732e-01,3.539108549950951699e-01,4.639610700322022163e-01,7.513000515101607713e-01,8.335799261538175964e-01,8.107761720960426910e-01,8.379278962316881740e-01,6.484133597570218566e-01,9.357848608004936120e-01,7.396093976323491193e-01,9.886161928352021899e-01,8.365640472193701660e-01,9.687823746393591229e-01,9.710753210134996927e-01,9.219593754497995564e-01,7.407429460907262175e-01,6.622309828773240703e-01,7.671074236750801134e-01,7.872358939537464906e-01,-2.055297868834354488e-02,2.495874560242744289e-01,-2.952818348171957347e-02,-1.739086043251603098e-01,-6.163497013917742517e-01,-6.049407881400291620e-01,-6.888484237320158243e-01,-5.930262213243300273e-01,-8.136979841692089099e-01,-8.250114144556104367e-01,-7.123860838404025841e-01,-9.022890336922807508e-01,-7.683879186577248221e-01,-6.767618805685760019e-01,-5.720512679418084945e-01,-9.358143105183289734e-01,-9.931459337876420435e-01,-8.990068799178525527e-01,-8.266874261176021532e-01,-9.040887583275457606e-01,4.324653772751876728e-03,-6.771583217478557293e-01,-3.506942180754786809e-01,-5.019558990774467544e-01,2.707362829671509097e-01,5.499052324968050492e-02,4.247147588673951674e-02,4.256202035869065536e-01,6.555148224150252334e-01,8.155148279306899672e-01,8.295057972277415370e-01,9.813765100504312500e-01,9.438034537745872976e-01,9.966714566422530952e-01,9.943025876322572065e-01,8.273951871798801427e-01,9.999529291540302234e-01,9.957514272001146693e-01,9.985957570934229643e-01,9.752361375443076019e-01,9.944540464220928966e-01,9.677743030756653653e-01,9.741835478792988390e-01,9.991116534648104563e-01,8.071626961212406970e-01,9.195367780597287766e-01,6.238726762184053642e-01,7.941424881445986461e-01,4.783363986997115069e-01,5.487718110820142270e-01,4.646451286873024555e-01,4.833168173023239533e-01,-2.508268171425639959e-01,-4.335885038776626232e-01,-3.254842891183841735e-01,-2.008931830716416955e-01,-3.933544372886663143e-01,-7.104315418509775659e-01,-6.379733876031913331e-01,-4.427329912106525156e-01,-4.301189735263255542e-01,-7.643605079064643704e-01,-7.478402631212505147e-01,-6.017016268751018693e-01,-6.693855318884135430e-01,-4.305445150224332940e-01,-5.098924238074828974e-01,-6.707721240887000169e-01,-3.021336047400378644e-01,-4.512033528921547548e-02,1.126212993828301645e-01,7.169209764806575014e-02,5.196675058927456847e-01,2.569757930106638666e-01,5.749692759039597423e-01,4.124410330943464875e-01,9.470927649388908298e-01,9.728569772724067199e-01,9.964358996148396930e-01,9.868286979915897872e-01,9.875706656471575640e-01,9.866048981792119310e-01,9.648085659129355118e-01,9.999894452339141981e-01,8.432033760595746275e-01,8.746236523682074937e-01,9.835308628179980639e-01,9.371112408995901921e-01,8.616977617483007057e-01,9.690507292739884981e-01,8.209115675521138078e-01,7.965091351287627575e-01,9.914957344595324296e-01,9.977247353029975452e-01,9.928807470365199617e-01,9.978973096077288218e-01,5.532973800398791608e-01,8.038991926200323990e-01,5.434001120969458309e-01,5.771087449270624337e-01,-2.249432611453193731e-01,3.209498939232370840e-01,-5.472222719186625728e-02,2.711350193803150899e-01,3.424124489605213234e-02,-2.381303001297913613e-01,-1.333087252354821228e-01,1.223918546438570176e-01,-4.110247608763226701e-01,-2.881230300199769667e-01,-4.279390243748623091e-01,-5.157170689606142000e-01,-3.631200594464262243e-01,-2.591918898354285128e-01,-3.194915928799549887e-01,-4.047547896767018649e-01,3.679389415921857642e-01,3.333666489342210215e-01,4.190862791141422572e-01,5.494429528049461497e-01,4.992466373410714420e-01,9.248311777915837473e-01,6.824954868778974060e-01,7.985473021376889857e-01,9.998049956891718049e-01,9.999950718502181868e-01,9.944335829384217673e-01,9.992864201359368259e-01,8.105247548511593791e-01,8.063407462533380698e-01,8.539670485161802160e-01,9.450921714519110450e-01,8.381392441630466372e-01,6.681201311354025840e-01,8.149997556849984948e-01,7.695338531338500321e-01,6.502320281890372478e-01,8.682180732105984067e-01,4.166782053610356140e-01,6.018561613434381813e-03,9.474769240502965983e-01,8.648668629509651540e-01,9.679043810118611590e-01,8.878074695310455011e-01,9.991606250984813586e-01,9.680002277376389408e-01,9.705322565846304927e-01,9.455549860156741149e-01,6.141360947205660725e-01,4.353599313087597733e-01,4.107286461064574290e-01,7.021836098151817973e-01,2.339211340035062259e-01,4.866714227225988343e-01,-2.349806788322952172e-02,-1.316995234007865001e-01,7.047019942859243657e-02,1.086621216330157236e-01,2.872326867297529951e-01,1.075899482625434361e-01,1.708267997129944149e-01,3.076064388147390360e-01,2.581374489145323303e-01,-6.925127752953383342e-03,5.149134723905967048e-01,5.988110738272984790e-01,5.942071117198217678e-01,8.255952385790986670e-01,9.517873492639172817e-01,9.665872878064337703e-01,8.315893831564279415e-01,9.949145750678970446e-01,8.911310491943675860e-01,9.350662678227392721e-01,9.630598187370592589e-01,9.959187338428823200e-01,5.549172269454764050e-01,7.655453675961715332e-01,7.035034839378713212e-01,7.360836619429006467e-01,8.269986111475413626e-01,5.254481326255536211e-02,4.086727501160297704e-01,3.810539812293093909e-01,-2.154206828698283435e-02,4.533100532103296887e-01,5.972693055870670342e-01,1.293422933782523987e-01,6.301832990115232569e-01,6.602306773987494104e-01,7.114931210243544690e-01,7.829503711816822031e-01,9.978159253052518718e-01,9.807558819851927012e-01,9.899275039247514840e-01,9.792193949543865905e-01,3.396035505246841057e-01,6.509743157089949994e-01,5.789698996405637788e-01,6.850149517723119752e-01,7.857775481660025374e-01,1.927330877068667569e-01,6.960772349205017751e-01,4.547339148090898120e-01,4.246255489528908411e-01,4.681062387225530252e-01,2.489273750636622762e-01,7.847445952766960442e-01,3.723505880013558422e-01,4.099594713466115370e-01,5.941918581653302667e-01,6.331729898638449594e-01,7.324388032939930238e-01,9.690618146093713525e-01,9.683489424231598308e-01,9.365895043272340903e-01,9.999067765046744105e-01,9.994054088714023898e-01,9.856522974923943581e-01,9.880121533198047423e-01,7.234655999179884223e-01,7.464061982608373169e-01,8.075641891494899083e-01,7.668441303171927848e-01,4.835916295732981540e-01,1.553823101372327209e-01,4.356632425554820588e-03,4.670393514089025699e-01,-1.599744103327561257e-02,-3.254856237497923410e-01,-2.094741729667727037e-01,2.097701443056759207e-01,2.158573765228025132e-01,1.310869426775126412e-01,-2.568984118361379854e-01,-3.304023865515630098e-01,5.139160051967894827e-01,5.993177601307337898e-01,2.299590198060895707e-01,8.368425074098891914e-01,3.339097708826980759e-01,6.236527801172015995e-01,2.224636804856492400e-01,2.565173882891621515e-01,8.446779783008545595e-01,9.067441621982484934e-01,9.213192202619867599e-01,9.787023064289152030e-01,9.999778362214944982e-01,9.865715447069564048e-01,9.963586581113106355e-01,9.566918637037264972e-01,9.989366352848305652e-01,9.991782681896460572e-01,9.790112096094978344e-01,9.399009644248890183e-01,9.993339701471848358e-01,9.918102034894989982e-01,9.920223643341157249e-01,9.830465642130044035e-01,8.124623011894384073e-01,9.035513942114966612e-01,8.355286708590833333e-01,8.865592256064248611e-01,4.146370241672785451e-01,6.244802735480523559e-01,5.955208056721776888e-01,3.906200674126462657e-01,-3.517858975886810069e-01,-5.164154516083706570e-01,-4.910448894110130968e-01,-6.785958078586104558e-03,-7.521143137135333223e-01,-6.833133776738233855e-01,-5.976021800204575074e-01,-9.059272813844692074e-01,-9.940582057919304937e-01,-9.993238677752511734e-01,-9.858108682464723493e-01,-9.994086334972793750e-01,-8.754857921398729870e-01,-9.974437041891546230e-01,-9.960926922416463158e-01,-9.945150194937053545e-01,-9.752911259524622567e-01,-7.881026426404018626e-01,-9.882320674358440193e-01,-9.003022881772272390e-01,-3.606340317348808444e-01,-2.646507640023283980e-01,-7.026100003828829044e-01,-3.555188759412215016e-01
-9.127367046019930763e-01,-8.470056025027301594e-01,-9.763726744681040515e-01,-8.229523307848122249e-01,-9.544950454579224086e-01,-9.490653230496289838e-01,-8.790768283597365507e-01,-9.215739633747610515e-01,-5.406143106624399230e-01,-4.403215778800519398e-01,-7.057557064190236318e-01,-4.806769083182436120e-01,-3.945024134263119264e-01,-3.893626605551027686e-01,-3.524020811348738680e-01,-3.365643514419192073e-01,2.361423639462314483e-01,-1.400696691411225034e-02,7.062408689785495963e-02,-1.713418130790026958e-02,6.844556011607833002e-02,2.935115404631866709e-01,4.041819693083689158e-01,2.535174067249849061e-01,3.092951543604287035e-01,3.899837010380953761e-01,4.029396424958773260e-01,2.129308146942625601e-01,5.790750113309903746e-01,5.814398198719762378e-01,3.395822810839285166e-01,2.301844478339765687e-01,1.069842595557999980e-02,4.520316577768474647e-02,1.439383150391968132e-02,1.839488929393107430e-01,-1.933808434330742398e-01,-8.744413730536643170e-02,-1.356217915499694227e-01,-1.245319731306714639e-01,-6.627897705682316287e-01,-5.194847459053953953e-01,-7.429709723416462186e-01,-6.207778615789247834e-01,-8.707726360112699737e-01,-9.675521053544601235e-01,-9.126158225859708484e-01,-9.745301645559001358e-01,-7.569962472346384308e-01,-8.437266164596842755e-01,-9.153019478672843601e-01,-9.346774708172368440e-01,-9.189855319887996199e-01,-8.634376351966095431e-01,-9.255261265174115071e-01,-6.403630638977412248e-01,-5.486045202943871102e-01,-5.587425320263093020e-01,-6.753375528976255371e-01,-8.146868732914995803e-01,-3.766968241161392505e-01,-1.654214450141751891e-01,-3.594601747310037787e-01,-2.049093269162261810e-01,-1.101963743099309556e-01,8.458615825698811985e-02,6.795058867968745142e-02,9.544494536277597918e-02,4.008087995849178298e-01,1.926730395547861796e-01,3.496249963452097709e-01,3.297452875647259862e-01,3.964086343154081815e-01,3.564864321755380483e-01,3.736316432577882485e-01,3.601344458970704987e-01,4.512914556070517502e-01,2.664981718042156444e-01,4.863202368492406946e-01,1.712848340944781445e-01,1.579652392858851562e-01,2.531358690283477819e-01,4.961633537604710070e-02,5.446975266139177096e-02,-3.062851004745190675e-01,-1.494001323562832717e-01,-2.385907500074838095e-01,-3.347101013734088415e-01,-5.318256775365982625e-01,-8.838142030812761174e-01,-8.250680267654354472e-01,-7.230254075358079069e-01,-6.978842497898699593e-01,-8.168751893422248056e-01,-9.821308832998314475e-01,-7.690580373100763811e-01,-7.489091749904300821e-01,-7.261390792868738231e-01,-8.978078896547434518e-01,-9.939210551423410811e-01,-7.572981415742043865e-01,-8.377480635488625538e-01,-8.558553838271967251e-01,-8.000093125759072388e-01,-6.956557169808157415e-01,-6.328392511392563202e-01,-6.771039878173741311e-01,-4.750169099232415815e-01,-4.774003504238213957e-01,-2.785011153066496159e-01,-1.859922035309891641e-01,-4.435864223621290847e-01,2.686422479641439875e-02,-9.308533498000107209e-02,1.121319448106680543e-02,8.827471021455553235e-02,3.455558991578108752e-01,2.214665407649303308e-01,2.245600613388500366e-01,2.370368160718375472e-01,3.254195057402929359e-01,3.464201652820989019e-01,2.286687179214366983e-01,5.599163333210784854e-01,4.246380811036444825e-01,5.072712931735945396e-01,3.920300138550592006e-01,3.631016529372483870e-01,2.503714598204629938e-01,2.088856132055763315e-01,-3.631042115561772254e-02,3.204161066032426008e-01,-4.998312989566479521e-03,-3.557671390142530532e-01,-9.749152216320985942e-02,-3.959445111356719726e-01,-6.271557156672723510e-01,-7.901041499383791855e-01,-7.943208750258354822e-01,-5.969560416273220760e-01,-7.499103129158748438e-01,-8.640298999185482831e-01,-7.601639693997317426e-01,-9.250412981114195521e-01,-7.490084336034374957e-01,-8.286098213072405905e-01,-9.915557457147723408e-01,-8.461478390319663312e-01,-7.313311416279479893e-01,-8.926166269995661207e-01,-9.842870506768837124e-01,-8.072420673022508986e-01,-7.542255360293488309e-01,-3.758284843337537651e-01,-4.076361557125008916e-01,-5.927032305248201016e-01,-4.837727720367271944e-01,-4.844904629630873427e-01,-4.282892933710560346e-01,-3.904805217527455574e-01,-8.317947562416451446e-02,-1.233260797036367512e-01,-1.143764421187513404e-02,1.162096961339498941e-02,2.251049711347584692e-01,2.525055339667287013e-01,2.720570717805577132e-01,3.064982541152214690e-01,3.753548423703174097e-01,4.352728559624112203e-01,4.758369683335357814e-01,2.941277193981890470e-01,2.338352248477072737e-01,4.220921535710039363e-01,5.480594175005180091e-01,3.744069406428073288e-01,1.294275803247949830e-01,8.737138325397712790e-02,-2.410275788438167102e-02,1.114157898201631886e-01,-2.945763530579546541e-01,-1.809444780449259715e-01,-2.402866532514656983e-01,-3.844706603460118499e-01,-6.180964883440074331e-01,-7.560767393345771969e-01,-7.009792056474819510e-01,-5.944077801038971653e-01,-6.777830283141409451e-01,-9.435502939944609979e-01,-9.725387516239225594e-01,-8.816178723521602700e-01,-9.439749770556405961e-01,-7.734547432098799469e-01,-8.532639625412963280e-01,-9.984633723354852108e-01,-9.346875744561894406e-01,-8.965550724533194460e-01,-8.267226478685530955e-01,-9.958216627839066026e-01,-7.642563202530971989e-01,-7.286397358679149727e-01,-7.550169792128512691e-01,-5.349654047423011427e-01,-3.556651312220668326e-01,-5.347090513192376271e-01,-3.578065777135119307e-01,-4.177800935275113869e-01,5.701454215045541167e-03,-5.162432595478465974e-02,-4.162223337992831257e-02,6.563914972823108041e-02,2.022622436879574215e-01,1.865848831745710590e-01,2.357577480787993451e-01,1.080394016546728231e-01,2.220532487647725595e-01,5.398323363293704436e-01,5.094598496931943554e-01,4.970302719643970302e-01,3.387860064359172751e-01,2.915729388656095877e-01,2.383589850057231674e-01,2.978368816327678359e-01,5.044700705423799114e-02,5.664952903613321850e-02,-3.466519365289287558e-02,1.247752141046438445e-01,-3.541782324070893440e-01,-2.894348895798918297e-01,-3.640963958482734131e-01,-1.260845997120489392e-01,-6.053750217039497450e-01,-7.237347354976845226e-01,-7.237059386973881958e-01,-6.655529411884496538e-01,-7.090452974978563860e-01,-9.121779681135576689e-01,-8.533573666153230208e-01,-7.649162166356884285e-01,-8.635946511665636427e-01,-9.928048344968316563e-01,-9.724713115499193927e-01,-9.784417709087892545e-01,-8.801241453317069086e-01,-8.932721031280459467e-01,-9.911415108713301780e-01,-8.605969925278431631e-01,-7.578266625082747954e-01,-8.091051882394527661e-01,-6.579951929288917478e-01,-7.625468582894177061e-01,-4.702949772237008386e-01,-2.857526895367724640e-01,-3.514181988005979917e-01,-3.292525353224507456e-01,-1.225581383407093813e-02,-3.203632218864006093e-02,-6.785225461596264274e-02,-8.702558238335518503e-02,7.470829348079641163e-02,3.132922417694772310e-01,2.661803532865111843e-01,2.970614415563020971e-01,4.872173058243890464e-01,3.183070376406391122e-01,3.294307405026208335e-01,4.803786497698134816e-01,2.668757099787478215e-01,3.463642833247956299e-01,5.254067191629446798e-01,5.078104768583958650e-01,-1.073073985561732828e-03,2.616181966576585638e-01,-1.506817000403119500e-01,2.995551185044934006e-01,-4.761100905439823172e-02,-1.764571071682202452e-01,-4.272845512075315044e-01,-3.366375799657039813e-01,-6.897481198463757401e-01,-5.353396492587801925e-01,-6.051228470099470069e-01,-9.393285365591441671e-01,-9.495992577173939519e-01,-9.292888510487820053e-01,-7.874973020557866077e-01,-8.200609041755773099e-01,-9.177448776882313197e-01,-8.894467333116534702e-01,-9.911677742787362577e-01,-8.203808234157958790e-01,-9.990258222186448878e-01,-9.297257840482610058e-01,-9.794349223392907478e-01,-9.699960231871939120e-01,-6.126974171959904680e-01,-6.493448998449351528e-01,-5.875854148543899758e-01,-6.708804963146205447e-01,-4.999962870061639975e-01,-2.668642403568064481e-01,-3.308315799303542804e-01,-4.106110507909226937e-01,-1.600246593254023575e-01,2.658335168307153148e-02,1.625927551578954314e-02,-8.737564244706874650e-02,1.931019136155291971e-01,1.122991831241150346e-01,2.326666970290921510e-01,1.459741022909730457e-01,3.526023693087170785e-01,3.089562502078150863e-01,3.818286046452454841e-01,3.284758599070584650e-01,3.550096717513298028e-01,3.843885190634582227e-01,5.252294738555438602e-01,5.194241987975084518e-01,8.334684466072851683e-02,-1.590306238458772357e-03,7.092646912431099793e-02,6.507870387644804078e-03,-2.487415201647671104e-01,-3.038699917645162896e-01,-1.007189527610980462e-01,-2.470048195773706379e-01,-6.293890724210481347e-01,-8.200035564103430596e-01,-6.422758898795077886e-01,-6.121930263251370574e-01,-8.712588194944553832e-01,-8.907670267478908777e-01,-6.746014164663449719e-01,-8.659012989841755603e-01,-9.021164220434931824e-01,-9.717906417867054891e-01,-8.645965328005447148e-01,-9.747855154116835674e-01,-9.301917182800969464e-01,-7.676136418458585631e-01,-9.886420736286708477e-01,-9.910158356326506102e-01,-7.316481170735922301e-01,-6.267641797687883987e-01,-5.971255298163631320e-01,-5.856111100038334794e-01,-5.012245764747803589e-01,-2.671842379125091704e-01,-2.257992256076145066e-01,-4.044525091470856371e-01,3.948487745266177767e-02,-9.536468158261916794e-03,-1.778471026335825544e-01,1.246150423183711303e-01,2.434597701288936378e-01,3.097160382063551265e-01,7.368874544629713808e-03,1.023864015564752566e-01,4.381672539329090066e-01,2.739413360728352731e-01,1.939655006466893816e-01,3.989732048652450125e-01,3.672478051180552150e-01,3.221783522533382405e-01,2.654118514417646013e-01,4.194264998160727176e-01,-1.975046013581539112e-02,1.095135054761345039e-01,1.258660912631339168e-01,1.540189959538704190e-01,-1.960790619155708125e-01,-2.510094978534009313e-01,-1.786313685979493138e-01,-3.689727816424679951e-01,-7.477573542638756843e-01,-7.365463044654427804e-01,-7.429212444196575671e-01,-6.060974592006479478e-01,-8.266663934997392493e-01,-8.879214477768710978e-01,-9.401689144001557086e-01,-7.439155828694501427e-01,-7.514428690298592395e-01,-8.749725720351495539e-01,-8.876732532086061278e-01,-9.343023824743429406e-01,-9.465218737001511728e-01,-7.498369251024800120e-01,-9.062035332881279714e-01,-9.891057326040263442e-01,-4.521675097438223601e-01,-7.909067762809603996e-01,-5.803978689874761399e-01,-8.166088251684162636e-01,-1.728293972730767514e-01,-2.846227250317172608e-01,-3.536020870452579179e-01,-4.464629113886225409e-01,1.035581243023243475e-01,-3.708670696918182075e-01,3.457716785109614388e-02,6.182244284658534178e-02,3.076757756428143975e-01,2.748270026570269753e-01,5.436095986177733042e-02,2.976405078541617399e-01,2.287595912516179608e-01,2.630658594013497997e-01,2.006707367492661931e-01,5.822104541735735328e-01,3.323315876823057513e-01,4.137303090905447012e-01,3.784307767662830058e-01,4.327155902435926849e-01,1.571682905642214634e-01,2.189597826011595999e-02,5.904542548277129030e-03,1.090629823586533875e-01,-1.759017399216214195e-01,-3.558040256273068414e-01,-3.678881699991308207e-01,-3.398425417801539949e-01,-7.519374212946211555e-01,-6.998030256050711273e-01,-5.375295567492809345e-01,-6.169872630706417782e-01,-9.258050038078136090e-01,-8.560061779330613296e-01,-7.391724207392815771e-01,-8.725566179557948665e-01,-8.329067940642271850e-01,-9.386914937939849768e-01,-5.514479464782831020e-01,-9.974920252887445882e-01,-8.452064848239191353e-01,-9.807436478260422863e-01,-9.975371516869622202e-01,-9.827059939131940203e-01,-4.344868337246150514e-01,-6.445630829977355702e-01,-7.964437808637996330e-01,-8.687648319838886524e-01,-3.654804045672345181e-01,-1.961306716160565733e-01,-4.200316078608116732e-01,-3.280722699690513111e-01,-2.762463258483128029e-02,-1.242909801077178022e-01,-4.661664607720358844e-02,7.666594231057714814e-02,3.116971149419655029e-01,2.744894960504911108e-01,2.906429095132744833e-01,1.662081017942870498e-01,3.385042465560298419e-01,3.994698979943258621e-01,4.245203148388783654e-01,5.030894106485478412e-01,2.307898701704790279e-01,4.852725694153086633e-01,4.802144527724062639e-01,2.115919756027946907e-01,3.145117521498138058e-01,2.062759617045382965e-01,1.766111444500880756e-01,3.026951703974836150e-01,-1.451491280725812627e-01,-2.815776291299623146e-01,-1.888261891298127493e-01,-2.451068093628872013e-01,-9.873535370601179695e-01,-8.145881019698207881e-01,-4.659096832780145192e-01,-6.175006944469128012e-01,-7.006928609103726391e-01,-7.997673185524923900e-01,-8.821501209649941222e-01,-7.318220688404066809e-01,-8.313728663051644929e-01,-9.132143971990825948e-01,-9.717168605130594994e-01,-9.875050656295363272e-01,-8.266732040465729625e-01,-9.968275074358281529e-01,-9.229695358208711564e-01,-9.945768170149662524e-01,-6.931083579468846345e-01,-6.103740180389229941e-01,-7.166033784402384699e-01,-5.115977387441964508e-01,-3.366460829596702453e-01,-3.699738039127655198e-01,-3.887268808502495898e-01,-3.420867446096574893e-01,1.506580904521489517e-01,3.370803302633605669e-02,5.029105639007448031e-02,6.388166960781838100e-02,1.524336304392102104e-01,2.010701289893143118e-01,1.797697981736919581e-01,8.444763582678864455e-02,3.996810433916893612e-01,2.708965645468482952e-01,3.533197086619077609e-01,2.922911123103172915e-01,2.219172059216305559e-01,1.620739197856648495e-01,3.263012384613920847e-01,4.176820284033660458e-01,3.671987342475319192e-03,7.994053876127156164e-03,-1.343473347414618491e-01,1.742408317763481651e-01,-1.819643754561328930e-01,-1.830468324664352719e-01,-2.349038596981417593e-01,-3.385100907317748486e-01,-8.641877337880186083e-01,-4.635266801154515615e-01,-7.128370267635222302e-01,-8.750214111615088886e-01,-9.010258956376236972e-01,-9.978410891918048087e-01,-7.463665542588040491e-01,-7.966418987434721322e-01,-8.847738437714591786e-01,-9.453333885055847929e-01,-8.018453628577967285e-01,-9.617816466767112882e-01,-8.262466061460501665e-01,-9.101827201892433994e-01,-9.029263584406894694e-01,-9.775896339346693553e-01,-5.374059757799172221e-01,-6.322749697871071772e-01,-6.536012586388123546e-01,-5.025766738372804410e-01,-3.799896449937455456e-01,-5.157704922202758224e-01,-2.929693601292557847e-01,-1.600638737522494248e-01,2.455593688905984007e-02,2.117625412971084822e-02,-4.882308903247452314e-02,5.458096207431672314e-02,3.398501135282839258e-01,1.633547488438403528e-01,2.872755389354447186e-01,2.614714062878136791e-01,3.610579836268902887e-01,3.168367583054073067e-01,2.560591472162446758e-01,5.221515489583454794e-01,3.505917307605439515e-01,3.598202298979900626e-01,2.962601184286027811e-01,3.402190286063636604e-01,4.943172566758891572e-03,1.269954866336484300e-01,9.383702701517490641e-02,2.541042839613184556e-01,-2.658437925450543027e-01,-3.876787147816145307e-01,-2.389281917755264328e-01,-2.514040591702567107e-01,-6.618727619501854065e-01,-7.934672314000830173e-01,-6.717446529495443297e-01,-8.489380875137862992e-01,-8.202783077677604506e-01,-8.577277940585338323e-01,-9.097611135906622515e-01,-9.526141901695366343e-01,-6.176968111173747333e-01,-9.842468616132015180e-01,-8.936407222295404962e-01,-9.137816391187016940e-01,-9.799797050371533702e-01,-6.966442559315775274e-01,-8.363900894843733225e-01,-8.363003017985948251e-01,-8.110836602872121270e-01,-6.055899534520744476e-01,-5.545627694776256167e-01,-6.180061926659181637e-01,-3.571092544950015268e-01,-4.177911541091545167e-01,-2.884113595720562140e-01,-2.703673971196392523e-01,-1.409483849653237197e-01,-1.702780176951437241e-01,8.441472863097623791e-02,8.558421769081850372e-02,2.979628536095045854e-01,8.419471399109557455e-03,3.296977657029899200e-01,1.154886645691229619e-01,3.781329240303120121e-01,4.126740630678994437e-01,4.522164000102392167e-01,4.936953234883751929e-01,4.154305957918799641e-01,3.729319046289293893e-01,5.943442792404879382e-01,2.712587452786781039e-01,-4.764472698684262680e-02,1.323085382746928551e-01,2.264039613609421797e-01,4.227525991111175108e-02,-2.449709927554730993e-01,-4.170230827827386411e-01,-1.410034442703664570e-01,-1.233766821116282358e-01,-8.050820337324841036e-01,-7.097108008135195600e-01,-8.363665961188228026e-01,-6.100751375079774830e-01,-9.784560559634941646e-01,-8.381970682885434565e-01,-8.772701583110279477e-01,-8.811677399271147237e-01,-7.902709186144049047e-01,-9.599587568982066443e-01,-8.165918134577158094e-01,-8.118397751806718521e-01,-8.584123630602942256e-01,-8.819437855991019148e-01,-8.338370596884234764e-01,-9.901474253008121229e-01,-6.783268327514442309e-01,-7.094121313378092264e-01,-6.412504987583320659e-01,-6.245990039760801471e-01,-1.851866022936057843e-01,-1.501812825847040622e-01,-3.113551251881894189e-01,-3.714358201439268981e-01,-3.167129463616889795e-02,2.258010433416142437e-01,2.567436148794121631e-01,2.370323126270894865e-01,3.486226350536373864e-01,4.422461863311847874e-01,3.954350338917762553e-01,3.844402578274568327e-01,6.140836569499092956e-01,4.982791812655479879e-01,5.312218290595496217e-01,6.265163543023423154e-01,5.772310171217795993e-01,5.490821636494614966e-01,6.220662748195308067e-01,8.193911831996781858e-01,5.757861047376550134e-01,3.428725103173512201e-01,4.827635981938689369e-01,5.150116506614575984e-01,4.308075960856427300e-01,1.467253639697808365e-01,3.761700920477067944e-01,2.000980272425305073e-01,1.095380696931846747e-02,-2.730829608803320152e-01,3.958800239524622178e-02,-3.585108655381886167e-01,-4.403068959969331231e-01,-5.064782886715026855e-01,-5.781100377327191842e-01,-4.405652544849276153e-01,-6.720968675757018618e-01,-8.321090830389922255e-01,-3.016927713178011450e-01,-5.191108468014781208e-01,-6.398769634982109933e-01,-1.906470873881128125e-01,-3.194996433340221431e-01,-3.440435850126537520e-01,6.399216476936504805e-02,-5.955798625723894568e-02,2.490942923269285139e-02,-4.451753857921286750e-02,4.000434428028489253e-01,5.782015435483282007e-01,3.941774575547632442e-01,3.566462544301106652e-01,8.265312648798327499e-01,7.456577584805755832e-01,7.508792339740517630e-01,7.981461363929313046e-01,9.023470671435447343e-01,9.356514383437111171e-01,9.335080633017497354e-01,9.464604468851608443e-01,8.935858310070000643e-01,9.825252380887458115e-01,9.312375640059624704e-01,9.993949565373857480e-01,9.662026553782410154e-01,9.978948556130459169e-01,9.990085377570366854e-01,9.927955435237143522e-01,9.597426741891510460e-01,9.469846070015355277e-01,9.720470336578324044e-01,9.783733899854127891e-01,7.827734882754963097e-01,8.707376517267023663e-01,7.937566812150099738e-01,7.481437618710339299e-01,4.991435695552070562e-01,5.147647541322143416e-01,4.420747045879809822e-01,5.390990280622892650e-01,2.869449671121749867e-01,2.719880889020186432e-01,4.420688727579537014e-01,1.000425128980086259e-01,3.804178724132136202e-01,4.990302128188747188e-01,5.992971203920736123e-01,-7.348311695283143291e-03,-4.463706991629853849e-01,1.348245315598300964e-01,3.156666324680615920e-01,1.251888790723009737e-01,8.918303858180954835e-01,5.453305934630425789e-01,7.794623958577753253e-01,7.012420250759988649e-01,9.605511714409665780e-01,9.241454317362446380e-01,9.256305737247302323e-01,9.868617415189812059e-01,9.999347930920386984e-01,9.928367290983701743e-01,9.893569054958460951e-01,9.331916372143852501e-01,9.538580310810041984e-01,8.991577734497834262e-01,9.002014873751531532e-01,9.780167603096375784e-01,8.625304921746863585e-01,8.251449418755602006e-01,8.621946073007363820e-01,7.609367044337610464e-01,8.628555005236604458e-01,7.313183261783033906e-01,7.321352168459916987e-01,7.933047972798801251e-01,9.499184668654175878e-01,9.025123374835560819e-01,9.778370706396364298e-01,9.409570430285980613e-01,9.898997991619631343e-01,9.802919399712166637e-01,9.870983840299849543e-01,9.830855783511617263e-01,9.612608881502581193e-01,9.079006583876231273e-01,9.480224293243209033e-01,9.774154953715231686e-01,9.325699879560297445e-01,7.079877397035720943e-01,7.945826447353953048e-01,9.219897134545346207e-01,9.295906250953906991e-01,6.313242073557618905e-01,6.634687658583789949e-01,8.410130184210875548e-01,7.790886803947082440e-01,9.421895700083704472e-01,9.101552693182586307e-01,7.858047516863092552e-01,9.815634810659510379e-01,9.997514639073730169e-01,9.903254423210777757e-01,9.923389846632474365e-01,9.129414709417880136e-01,9.653069888673907473e-01,8.890594187208665788e-01,9.275045216252828517e-01,6.795318521059252603e-01,6.367233442533394294e-01,5.670275559875374016e-01,5.880356291191689566e-01,4.316539704287875590e-01,5.635698754967833901e-01,3.533391999768547009e-01,4.713877831453490708e-01,1.613205992977066461e-01,1.848700893551910585e-01,3.460437757388308277e-01,2.433756110110474324e-01,1.308844705024818367e-01,2.712425086941512853e-01,5.700787383989169843e-02,2.027225689498162245e-02,4.134735843755888429e-01,3.727266522167086427e-01,2.714099153670083697e-01,2.850248416662408690e-01,7.319260012861499298e-01,5.821730723451885581e-01,7.235677909436095678e-01,6.982882930916112230e-01,9.862152128025239994e-01,8.048182463404807141e-01,9.403721255027540638e-01,8.167509168705260336e-01,9.048988663684074396e-01,9.832117760713832144e-01,9.547535252424962371e-01,8.580302150315939347e-01,9.995351608195850446e-01,9.892585258882242716e-01,9.987155467236387141e-01,9.782286565208635487e-01,9.984348195364084466e-01,9.798700248217737663e-01,9.919319652747526916e-01,9.999976603429845401e-01,6.975296029038509094e-01,7.094949870677828008e-01,6.572614631458456591e-01,5.732172533458509411e-01,5.972900012703405981e-01,2.515499893398934206e-01,4.585031793245526455e-01,3.597089292655641923e-01,3.433830952750913795e-02,1.448370237300322314e-02,5.274492746512152858e-02,-3.020570569161950755e-02,-3.418909737767831247e-01,-3.563171740345911220e-01,-3.246223325255433445e-01,-2.312960646940165899e-01,-3.639657729383244389e-01,-5.071235706424778167e-01,-4.083076348656489718e-01,-4.566320151534178917e-01,-5.522565852376765116e-01,-3.992973314139057206e-01,-7.071189191858936463e-01,-8.998066778996629544e-01,-3.477028421663281299e-01,-4.528197201929181626e-01,-3.356336779826795125e-01,-4.508435750669294584e-01,-2.554682204341721108e-01,-1.232471111216865006e-01,-1.397861593710691686e-01,-1.061734558766700143e-01,2.255407906214943192e-01,3.640964730810320460e-01,3.774288880746822228e-01,1.185448096436870768e-01,5.145714829685948954e-01,2.903141298117495328e-01,7.359108787855259681e-01,8.317440703544304315e-01,6.423203625296041164e-01,6.032856710385455790e-01,4.319039498125992194e-01,5.949350180757111417e-01,5.286560623313611984e-01,3.935957361777100427e-01,4.343121044022230648e-01,6.950799805574323642e-01,1.813571234209081784e-01,9.576140324308575480e-02,9.218647037158937685e-02,-1.449036600228855998e-01,-3.190845564615188978e-01,-3.588165302127348522e-01,-1.857864057420124670e-01,-5.462039697357908841e-01,-7.014414873941249295e-01,-6.729272195743706275e-01,-6.479410453290448402e-01,-5.857770443859597886e-01,-8.887500997541261105e-01,-8.188965395108122047e-01,-8.521976810574465322e-01,-8.469255580914558657e-01,-8.133277512604775161e-01,-9.960672936310758230e-01,-9.548175714518083446e-01,-9.637376087087479171e-01,-9.999979005008979849e-01,-9.593332032750200300e-01,-9.358230170275642079e-01,-9.983518838429009667e-01,-9.376756534218519956e-01,-9.354869653244090033e-01,-9.273643325548501792e-01,-9.108015660341892694e-01,-7.026976872906849358e-01,-8.006658019862675779e-01,-6.874324047073494537e-01,-6.688114330428015508e-01,1.066111884666295639e-01,-2.812730987759968770e-01,-2.060173771550744826e-01,-3.344217319670790833e-01,-4.525372236130180137e-01,3.096616264801823615e-01,-3.677584086223854576e-01,-8.340179082416705747e-02,-4.764644988241112378e-02,-1.101642243832453988e-01,2.073075523710825596e-01,-5.012667793243269498e-01,8.304282853536713166e-03,-5.165677495270982328e-02,-3.006958403291717374e-01,-3.549857641799552543e-01,-4.781716337192230548e-01,-7.677482516097285936e-01,-7.738649378653987831e-01,-7.348426799963097000e-01,-8.753392207087887789e-01,-8.870144898651856069e-01,-9.235065256223393693e-01,-8.417394489940056568e-01,-9.976772298706902964e-01,-9.972565884714656992e-01,-9.938901018535098997e-01,-9.980158194472136257e-01,-9.906015397095158104e-01,-9.443979685067197538e-01,-9.064125468086066117e-01,-9.817805449181026267e-01,-8.895672421607763170e-01,-7.732042991986300962e-01,-8.133697820318082083e-01,-9.239316955377954166e-01,-9.198443558319283619e-01,-8.946041119115177853e-01,-7.615771945382187047e-01,-7.205083022949023697e-01,-9.565124683963970309e-01,-9.668009449422323431e-01,-8.861496603195022637e-01,-9.940062261600643989e-01,-9.005168188736133450e-01,-9.570353252206031947e-01,-8.612987269850166383e-01,-8.630161546603549727e-01,-9.863240886469725188e-01,-9.940017194540341494e-01,-9.102664612387549870e-01,-9.644565365411518210e-01,-9.926908439468253853e-01,-9.999890893984236806e-01,-9.880271623500597178e-01,-9.958227008775398792e-01,-9.988736644408769960e-01,-9.956407137634766258e-01,-9.973679294754729252e-01,-9.857712091953910738e-01,-9.999333902263365381e-01,-9.931780609935837445e-01,-9.941850554792984740e-01,-9.901092126569963625e-01,-9.332180364470511469e-01,-9.604858316297657517e-01,-9.326220572761967365e-01,-9.474139631107653114e-01,-7.790632523881266813e-01,-8.439988572667240785e-01,-8.267516264366202572e-01,-7.458809702381797857e-01,-4.148760399953754785e-01,-2.983482513784161405e-01,-3.012525695161363259e-01,-5.456147332428549213e-01,-5.128690900553941473e-02,-1.087636977895519025e-01,-1.694653711449106703e-01,2.184694758497862654e-01,5.534670356549747927e-01,7.159271242693747705e-01,8.547723246608678327e-01,7.202629016624525482e-01,9.559274792626488715e-01,7.652111844690923093e-01,7.847724046649113827e-01,8.033417342429788333e-01,5.065334190774548606e-01,1.716081912233892726e-01,8.541390072431380709e-01,3.527257131239787680e-01,-1.100900289287174566e-01,-1.515339037708710035e-01,1.544573743243283503e-01,-7.219695572654064031e-02
-4.508979574696495018e-01,-5.546572711609284445e-01,-5.075187591869506631e-01,-4.430329289675109528e-01,-5.244499738895118668e-01,-3.422971551448398264e-01,-5.037200473756242580e-01,-4.193704391406652965e-01,-1.948872226644234318e-01,-6.959090574673298946e-02,-2.414210612298635372e-01,-2.840290471333093980e-01,-1.817316977080485341e-03,-2.284079256868241370e-01,-1.729121108098500559e-01,-7.917075936179106266e-02,1.793430293234334894e-01,-1.805154147098366954e-02,9.543823837383116904e-02,8.464832478112745834e-03,-4.537132649130870554e-02,4.980319540813687995e-02,2.072426000179218852e-01,1.833714981597671656e-01,1.207613374117109395e-01,2.604586701949142546e-01,1.773094278218282083e-01,1.548936987064424009e-01,2.745891571569947787e-01,3.356367143567577926e-01,8.655880743440527714e-02,1.843515450567440317e-01,-6.139551885639085715e-02,4.764643791003884271e-02,4.429136778229195853e-02,2.367517320143835424e-01,-1.235450718841422657e-01,4.124748870710109178e-02,-4.763481326069046728e-03,-5.709813159433559104e-02,-4.665905522028300223e-01,-2.718781058123890815e-01,-4.146175029058339345e-01,-2.967704298482039538e-01,-4.005068979250911432e-01,-5.118153100264333233e-01,-4.681700617080686855e-01,-4.508770723868785191e-01,-4.508704771694507230e-01,-6.119623331151679002e-01,-4.651746309879649655e-01,-3.916848455863166656e-01,-3.497265603916174248e-01,-4.264245359995440521e-01,-3.666837113865361597e-01,-2.141921789464318326e-01,-2.187988794046523688e-01,-2.951165945637156951e-01,-3.432238701056421482e-01,-5.489121361404876165e-01,-1.187344260125270667e-01,-9.212296351953283557e-02,-1.604561532645142341e-01,-2.121876570185002031e-01,-1.555951542170199708e-01,1.681331709749728925e-02,1.613179031619542403e-01,9.362800297797825577e-03,2.749701474897038311e-01,6.218439923991977980e-02,2.465358828357359089e-01,1.799083153369563370e-01,1.199635281152671984e-01,2.636384861965614945e-01,1.432178829759894467e-01,2.280420498274504382e-01,1.209178918032947081e-01,1.864101726891708721e-01,1.686778598547514774e-01,6.367412745437046884e-02,7.770095485372038868e-03,-2.094628458611491606e-02,-2.789214479169827010e-04,2.895281593202357270e-02,-3.024044133146176760e-02,-4.273710432494635253e-02,-2.045386980958417700e-02,-2.048951161180599390e-01,-2.840218546614965422e-01,-4.735087272442783934e-01,-4.650569360557366694e-01,-3.199491049983663182e-01,-4.319223587496762717e-01,-4.587203532989738708e-01,-5.267895168160232622e-01,-2.713412458704396735e-01,-2.977299073674822827e-01,-3.835927693281679929e-01,-3.485924750721510756e-01,-5.153915030937478159e-01,-4.113066619399269319e-01,-3.514073181033517956e-01,-3.706773635216493168e-01,-2.929250018460108906e-01,-4.088578592784404275e-01,-3.776440911984978444e-01,-3.727558568268171668e-01,-2.976529037543802492e-01,-3.117086300002281374e-01,-1.278030349592950699e-01,-7.503688230046257068e-02,-1.824109976413780532e-01,-1.008467016847749628e-02,-2.877569113882199117e-02,3.677309301712058682e-03,4.192026942837376313e-02,2.091919053643729320e-01,7.829190052627674201e-02,1.839723512142421580e-01,5.933135508524532697e-02,6.425063830430227663e-02,2.369980873965147061e-01,6.132040641553405946e-02,2.887098965568322684e-01,3.099664926257534314e-01,2.251656437670643551e-01,1.812054132101887927e-01,1.280118370212848800e-01,9.165767979561045831e-02,1.711753115226913868e-01,2.409273325706354218e-02,2.259899966756727663e-01,-1.836453870413425407e-02,-1.705196869419902117e-01,-3.863769365150689777e-02,-3.032360853287046631e-01,-4.095568306494415944e-01,-3.652949702544812105e-01,-3.968381523380998810e-01,-3.243224254019577146e-01,-3.556331218420946683e-01,-3.805205872734835904e-01,-3.247255605861051331e-01,-4.541896478442382090e-01,-3.989287673308729021e-01,-3.490775143085845800e-01,-6.524050524447683186e-01,-4.722732532189923282e-01,-3.500797340700401716e-01,-5.178615106449822036e-01,-4.551825626754064658e-01,-3.798719821516213790e-01,-3.897825107023234481e-01,-1.848055448038546933e-01,-2.359968460843829274e-01,-2.932929915905716500e-01,-3.040076739966263153e-01,-2.780457060834406469e-01,-1.434732807472313132e-01,-2.197145501327513739e-01,-1.192900988961428793e-01,-9.242489712960361148e-02,1.360208799714515138e-01,-3.872943334078694788e-02,1.977622628860184473e-01,9.857160692121275103e-02,8.268666082120337824e-02,1.223082834397394847e-01,2.223459624507793109e-01,2.150543029436549902e-01,3.470787365137739666e-01,1.190199771387078775e-01,1.265722345037687824e-01,1.429163653408366819e-01,2.174548097576490258e-01,9.413784697838470383e-02,1.247304790275274022e-01,-4.297584644419587263e-03,1.217583659757990600e-01,1.248144888442886125e-01,-1.630270205657596838e-02,-1.808900014724652006e-01,-6.594458639971846614e-02,-7.717653659042879311e-02,-2.958441918452229258e-01,-3.377275242415821999e-01,-2.216028828730239875e-01,-3.325355545714349104e-01,-3.681532116853288295e-01,-5.742843900604502894e-01,-4.111964814810846192e-01,-3.164223184209771222e-01,-5.376493956377870198e-01,-2.659351207695262453e-01,-4.959498774230719498e-01,-5.278856692859712485e-01,-4.324937895395740139e-01,-5.655629162551670808e-01,-3.539779691817873664e-01,-5.206988169943985723e-01,-5.043163980698499582e-01,-3.100084766715280882e-01,-3.529728938419712803e-01,-2.696538107317530408e-01,-4.446721203050973958e-02,-2.859421683651020563e-01,-1.775959667429626299e-01,-2.151679943408006668e-01,3.604310289138674267e-02,-6.715754920948065199e-02,-2.290935503421011668e-02,7.839624641871845157e-02,2.903337881015961852e-02,8.220625420282298701e-02,1.675796008051456676e-01,3.297901438377600497e-02,1.368090795306620977e-01,2.119222023001561539e-01,1.903009058134476073e-01,2.732182874207099155e-01,8.719396017103960006e-02,1.302358754356807702e-01,1.266734049199308432e-01,2.288276464960492806e-01,-2.260674772049375142e-02,-1.271745101552049922e-02,-8.068359898612742498e-02,5.818228945812176089e-02,-1.052451129439900129e-01,-2.757126943610040959e-01,-1.701582394379315410e-01,-1.195575638669711671e-01,-2.038769401591662145e-01,-3.953784443545931282e-01,-3.806466013031370998e-01,-3.290184253112405366e-01,-3.622919578257036699e-01,-3.390514854715567239e-01,-4.008999434407742868e-01,-4.479803046780207465e-01,-4.458371471104729533e-01,-6.306037286852725909e-01,-3.516469794181683595e-01,-4.702989618339911138e-01,-4.072979378372399983e-01,-3.924921949378061270e-01,-5.543895029173057099e-01,-4.208634751629850568e-01,-3.814953099172612716e-01,-4.122793889516703780e-01,-2.871670776350688792e-01,-3.627291853072307504e-01,-2.662754648644073963e-01,-1.468769695785057672e-01,-2.510672152762633003e-01,-8.095189876096703374e-02,6.551825111241460498e-02,6.987319577376142898e-02,-2.777316570003020985e-02,-1.925457555562284928e-02,1.136534609461012715e-02,1.487665375721617389e-01,2.193743376456291361e-01,1.529342699054589139e-01,1.078196077947428388e-01,8.585483316165282153e-02,2.358334951519318323e-01,1.165454400538628033e-01,1.227284646138294133e-01,1.430981276235503419e-01,1.557284753822686385e-01,2.346836014871053755e-01,-1.338614094566995816e-01,2.907786618829059089e-01,-7.735039202133225933e-02,2.290861512201222971e-01,-5.518921626816564868e-02,-1.062916290284954685e-01,-1.965610767802274950e-01,-1.812186450038769103e-01,-3.199278338407138822e-01,-2.757549438118577778e-01,-2.346773927151598327e-01,-5.173684829505892369e-01,-4.567063816735725812e-01,-4.540552567086337810e-01,-2.747578801884607014e-01,-2.405841831110152595e-01,-4.824140934467758268e-01,-4.670764627047100936e-01,-5.170683729067259149e-01,-4.134382070303438961e-01,-5.498081642506820188e-01,-5.445328308191201838e-01,-4.463271613264226945e-01,-4.943194844153155354e-01,-3.566072296750869564e-01,-3.116178551552848397e-01,-2.281939565760284783e-01,-3.580053978823962146e-01,-1.661945380335990152e-01,-1.493795304867312490e-02,-2.207982224974798791e-01,-1.337467313339073260e-01,-8.846722813936461205e-02,5.649296268121691694e-02,9.395633741201389610e-02,1.602045737576436590e-02,4.663150112345987308e-02,4.577839180486693860e-02,1.670018143649544262e-01,6.538627940195866628e-02,8.565589292992686898e-02,2.526320447904952804e-01,1.227232270934192210e-01,2.217043220472388332e-01,2.299298762795955187e-01,1.630937230782394942e-01,2.655839997719925405e-01,2.479415582389002670e-01,2.587269744263933496e-02,-2.600298775855344746e-02,9.802120727840343828e-02,1.213315879602221564e-01,-1.048351741796841041e-01,-2.197593716129881414e-01,-9.364770361493213180e-02,9.208911241157066718e-03,-3.889867196850777531e-01,-3.817322084831321627e-01,-4.188518002682134478e-01,-2.617876058696021468e-01,-3.777045601386401219e-01,-3.890683301866420529e-01,-3.873466394342111596e-01,-4.670534868508046111e-01,-5.073053144769543721e-01,-6.199989058564747690e-01,-3.798519830479897275e-01,-5.328573125158651003e-01,-4.695996025952133279e-01,-3.443207805282291756e-01,-5.539310200903866388e-01,-5.042821665728469682e-01,-3.196563028742364088e-01,-3.324412239455737383e-01,-2.986175685890767872e-01,-2.501679072660021874e-01,-1.658749802745156376e-01,-1.140293383366133978e-01,-1.153821981235809563e-01,-1.608223921184121774e-01,-9.569356560779659904e-02,-2.483997597095665907e-02,-1.358507106848486079e-01,1.302224787313817633e-01,1.203933642494361272e-01,2.118846870786456060e-01,1.025608705905112043e-02,1.198116847418536635e-01,2.010489775450590988e-01,1.909311716837759632e-01,4.118502179837184307e-02,1.137676945716246391e-01,2.452138979595099855e-01,4.888841787362172009e-02,2.238727003532502424e-01,3.120147939842654039e-01,-1.496848584290255690e-01,1.941048353696795958e-01,1.078390798175951071e-01,2.065895304610551042e-01,7.204458142929748288e-03,-2.005194519370991912e-01,-1.258795254753868331e-01,-2.115524969404751210e-01,-4.589590095390355118e-01,-4.334200417475585487e-01,-2.450594286801134614e-01,-2.744948804315343049e-01,-3.467589369444535330e-01,-3.436759783841459304e-01,-4.235080099262283904e-01,-4.462757100455908565e-01,-3.108620813181113274e-01,-4.999099552898450538e-01,-4.361500397791288619e-01,-4.588671961274664590e-01,-5.287730643405598174e-01,-4.027879915464877003e-01,-5.433694665789411404e-01,-4.985322859919024130e-01,-1.154595772524429631e-01,-3.872022434446663608e-01,-3.632008390121931329e-01,-4.249167819231334242e-01,-1.709251327674752019e-01,-9.816557904095475628e-02,-6.027334447036564180e-02,-1.866642499616107120e-01,7.618944083570620973e-02,-2.394423718125490708e-01,-9.547258890492822669e-02,-1.651862381761197082e-02,2.200298545529877359e-01,1.786237973677233526e-01,-1.756412615351410356e-02,1.762869959920636831e-01,1.496786127937335398e-01,8.952517136584887958e-02,1.732132253235327268e-01,3.461848300960208014e-01,2.649899043219747230e-01,2.535763942337324051e-01,3.184220128184728216e-01,3.616715366849907465e-01,5.989206208191213965e-02,1.176835152473593715e-01,1.209117838259632025e-02,2.073583422815562793e-02,-1.233344897147448382e-01,-2.858050800266784819e-01,-1.716447543856959579e-01,-1.148018773658715241e-01,-5.450703418986113657e-01,-3.725176610784152187e-01,-2.749273345239086619e-01,-3.342866596575897464e-01,-5.401253458752969250e-01,-4.859532815059839361e-01,-4.157954555862307111e-01,-3.837439156030272303e-01,-4.807043863820362750e-01,-4.204667858322872487e-01,-2.869694485724770816e-01,-5.010837207113633118e-01,-3.724886998410930627e-01,-5.465266206122796344e-01,-5.818909562429805948e-01,-4.918406196066750224e-01,-3.884385319667417180e-01,-2.991185219784060489e-01,-3.613490862057880948e-01,-3.242976315043205049e-01,-2.553062888543834452e-01,-7.860680827666854942e-02,-1.603962133919988320e-01,-1.979422626686913878e-01,-5.552966163512187969e-02,-8.947499622044531586e-02,9.203413727417557311e-02,1.052073226325821731e-01,8.451975255213162175e-02,-3.462989542011749022e-02,1.999341630733782738e-01,1.916106047813546653e-01,9.142627465436803380e-02,2.375965201501457069e-01,1.161038092659860965e-01,1.832906982749610281e-01,1.636904307064789288e-01,1.883409908677751154e-01,2.947439570716243185e-01,5.127973911596344497e-02,1.097491084389525945e-01,4.023400029624572827e-02,4.926263252923621799e-02,1.137178000045410142e-01,-3.526912144610551414e-02,-1.923885671650208962e-01,-1.443972442981026338e-01,-6.573500817607572100e-02,-5.717237897245557310e-01,-4.496146663421073941e-01,-2.190950852483815881e-01,-2.646698068573037355e-01,-3.567635496388353311e-01,-4.425039466582337822e-01,-5.557079456821483188e-01,-3.455497087659875066e-01,-4.464477203474755962e-01,-3.865783863797430664e-01,-5.933015015066596121e-01,-5.235191829391275808e-01,-4.691166767528149317e-01,-5.806330204778332726e-01,-5.409226942252677306e-01,-5.785899684342027394e-01,-4.167824407838479073e-01,-4.819924756618085837e-01,-3.065673548468680898e-01,-1.944173543380099956e-01,-2.386394604975121125e-01,-9.491286985242300411e-02,-1.280925438410416284e-01,-2.511320145538599169e-01,-2.194969038915173254e-02,-3.043840893650387805e-02,1.767312974684967855e-02,1.101917651376555923e-01,1.097000026659891575e-01,3.311380624687239316e-02,8.437096779573730054e-03,8.891899847458700767e-02,1.762520269699812125e-01,1.128522062222618721e-01,7.461094664728551429e-03,7.748255037927678779e-02,4.682723953024864327e-02,4.840012494290009404e-02,3.277536336040567932e-01,2.196249864267140195e-01,7.903060201356165715e-02,-4.157363177190629561e-02,-1.056259464756952038e-01,2.110860067985080579e-02,-5.709095330199501217e-02,-1.497732368350210008e-01,1.015187799981940864e-01,-1.020538835983007264e-01,-3.871286409647927140e-01,-2.299708015001990236e-01,-3.534104733052030878e-01,-3.425270209368975749e-01,-4.738473535632982681e-01,-5.907936939023052947e-01,-3.850221584371348316e-01,-3.322849570435867372e-01,-3.735898393805950901e-01,-5.116990254063129573e-01,-2.966496292374667942e-01,-3.988177409465253342e-01,-3.882857923438849390e-01,-4.404992980383699575e-01,-4.319181246152624665e-01,-5.185154715498427880e-01,-2.920827167300047433e-01,-3.532395924232320517e-01,-2.864858596778601108e-01,-2.738723925973741147e-01,-2.836229443531970706e-01,-2.162563214908699849e-01,-1.151083030390965684e-01,-1.138404516506563574e-01,-2.944943876624490225e-02,1.036378905433681386e-01,-2.949390446603774446e-02,4.780083389878440892e-02,3.006149719677073673e-01,1.571047865581250425e-01,1.700411680943261783e-01,1.622479940637141238e-01,9.647064222430230818e-02,9.190909257444415670e-02,1.942665961488243553e-01,2.071630169380661302e-01,1.286515953599972617e-01,4.735141505508214110e-02,2.053531056315963388e-01,5.279405221394892211e-02,5.218523895801738949e-02,1.556051000237820836e-01,1.813316340333547341e-02,5.592166294437721230e-02,-2.337355967754728980e-01,-1.657057493585459285e-01,-7.212642948383066188e-02,-8.001823172495356462e-02,-2.313093643994211246e-01,-3.356744276571053121e-01,-3.165975607431417149e-01,-4.373345153847600919e-01,-3.811346408549268761e-01,-4.154504302749771893e-01,-5.857438701941839465e-01,-5.385850312358516634e-01,-6.247124788177320642e-01,-5.801081908613872073e-01,-3.696901513403174633e-01,-4.709845130828586579e-01,-4.917264734064836773e-01,-3.313382249529285839e-01,-4.414200624079668289e-01,-4.468256003349204697e-01,-3.950212068992992043e-01,-4.123413153006147969e-01,-3.286289462159299735e-01,-3.200018924547841648e-01,-1.882846265086997317e-01,-2.364012750889517012e-01,-2.185154171198561701e-01,-2.014648292294651810e-01,-1.476373052324103652e-02,-5.033873135492128448e-02,1.268588636967011296e-01,2.044423476766681069e-01,1.544898504762666214e-01,9.376152325523073872e-02,5.799294046277983505e-02,1.927226636121570913e-01,2.213769790447480124e-01,2.368281763852596589e-01,1.119438298118990427e-01,2.575937957719843241e-01,1.749502947277228604e-01,1.245854793956615580e-01,3.052772483149550631e-01,8.647883088865629397e-02,-8.103759051206649300e-02,5.180593136555482203e-02,1.894927187797020851e-01,1.749654225201167229e-02,-1.925899298921018299e-01,-2.488718202446055794e-01,9.480914301515509790e-02,-1.883452396860058886e-01,-3.664768931311298550e-01,-3.573501657587346281e-01,-4.288336200283789368e-01,-3.013351540720223265e-01,-4.877684956762406987e-01,-3.539183701837086971e-01,-4.102250089178549053e-01,-4.502292850013507319e-01,-3.348987163655990362e-01,-4.209501305453204889e-01,-3.394763215165175763e-01,-3.567572724299654663e-01,-4.186348922550532925e-01,-4.394994782288105251e-01,-4.630580969757960297e-01,-4.769164172662606616e-01,-4.370377504584015971e-01,-2.670726708107796776e-01,-1.872477744807961031e-01,-3.406783673535324075e-01,1.683349898988767412e-02,-5.160057741885262089e-02,-2.231246307170439147e-01,-2.140335898780795776e-01,-3.775211654496244545e-02,-3.321365191780989434e-02,2.725672439588537610e-02,8.645354408577451966e-02,1.285113858451074342e-01,2.721244914620588595e-01,1.007752091903962588e-01,7.831446188025202593e-02,2.188077850224290910e-01,1.555089244713557250e-01,1.432082258185192192e-01,1.550319750845674527e-01,2.123066256045441635e-03,9.138248974311399819e-02,9.244226399064693622e-02,3.019137906458455034e-01,1.282308647264026602e-01,3.087852035258079400e-02,2.771559173126645487e-02,-8.386130950700836084e-03,4.300445758509115202e-02,-2.721427911016963685e-01,-6.910050632549309679e-02,-2.147042719290247481e-01,-2.328616545958306916e-01,-3.090978861219756957e-01,-3.480953750008963232e-01,-3.402289556471714826e-01,-4.484152439960763514e-01,-5.014175377489158425e-01,-5.050099906588316756e-01,-4.475682424833225537e-01,-5.479091682538106411e-01,-5.204022346585946979e-01,-3.758377383415874573e-01,-6.007788675706638992e-01,-4.586823721837332002e-01,-4.517785577580354373e-01,-4.699092084001417202e-01,-5.135448812926365347e-01,-2.922946986439182715e-01,-1.996259030222276021e-01,-3.870986489720424362e-01,-3.509025434250341857e-01,-1.909224854525078119e-01,3.890195193158529907e-02,-1.826083128508776965e-01,-2.679264902123833503e-01,1.132070490309828453e-02,1.077150282548084564e-01,-1.039030938662805909e-01,-8.250240236532203897e-02,9.069466443287146906e-02,4.713915371406708632e-02,1.697571228695596290e-01,2.180518484383473510e-01,1.719550928440132798e-01,3.762830644277470604e-02,6.147259165839453338e-02,1.349674083634229416e-01,6.200168159076609176e-02,1.304668176362508702e-01,2.530601333478388337e-01,1.775186760323300417e-01,6.735124263638064823e-02,-5.885315856254992595e-03,1.272301535722708543e-01,1.397709157901814159e-01,-1.852101553132257106e-01,-5.267380590350411590e-02,-2.019700457887378953e-01,-1.817278373357522070e-01,-2.317468529709130753e-01,-3.460414138824696728e-01,-3.736921952829644900e-01,-3.846169948478864176e-01,-3.819420328084345284e-01,-4.040487096380583343e-01,-3.229013780663965716e-01,-4.436157914248145540e-01,-4.052957694241775544e-01,-3.186371963675829755e-01,-2.422008293225200726e-01,-6.073999005229849812e-01,-6.811012459385870077e-01,-4.555283387051290434e-01,-3.617350413422855127e-01,-4.679651944277013476e-01,-1.935883248776430476e-01,-4.271323771397343427e-01,-1.516957178728624567e-01,-2.825379951636179388e-01,-6.201688740661576160e-02,-1.878496512876886293e-01,-1.580495935059760271e-01,-4.292365345216590800e-02,3.808094251185893675e-02,2.878776749796294054e-03,-4.697765546180105584e-02,1.611192144300327145e-01,2.206180621664277086e-01,2.802151379862821701e-01,1.583525604904594264e-01,4.697479158243017539e-02,3.039905188723299179e-01,2.217631122181696612e-01,1.123713112151704108e-01,3.114083380006283930e-01,1.417854154538344125e-01,1.403194707425932386e-01,2.390648304465594898e-01,2.096878356471815197e-01,-1.444168529377015328e-02,3.598508187280677340e-02,-2.272725409743443781e-02,8.147789670617414104e-02,-2.045090913161453638e-01,-1.808172570416290703e-01,-1.474276259632687491e-01,-7.210300593936541658e-02,-4.051468351173946880e-01,-3.725341407055067222e-01,-3.945379681888587786e-01,-3.404548528458092860e-01,-4.722526621894341248e-01,-5.799461688080422839e-01,-3.440992356916250938e-01,-3.838436441459799342e-01,-4.368581218941469668e-01,-5.571079068660717004e-01,-5.596434171346880149e-01,-5.177422391257374690e-01,-5.844712925084187827e-01,-4.542434956772174459e-01,-4.148493843164492989e-01,-5.158215528541881811e-01,-2.904403832025076460e-01,-2.348866683308709069e-01,-3.939507722528964861e-01,-2.583242257813842535e-01,-8.139556109627911484e-02,-1.304378305485991429e-01,-1.723979571657398846e-01,-2.445730644256384756e-01,1.676732982425961638e-01,1.065291683265234546e-01,5.186126312069334887e-02,-1.226340516850306928e-01,1.298834478322368480e-01,4.128966192372447719e-02,1.787464088610770108e-01,1.259697741910406066e-01,2.576065879101386291e-01,2.261113671626255872e-01,1.646536286035409913e-01,1.472065504954326032e-01,1.365680589873703998e-01,7.911326990097604372e-02,3.439118952033772825e-01,1.095969669080328335e-01,5.484257176392588751e-02,1.015694494107607510e-01,7.440081923521085772e-02,2.213733308146053486e-02,-4.802026722480912113e-02,-9.070200627692071027e-02,-2.757979262188168246e-01,-1.316710511147966001e-01,-4.161182152565962022e-01,-2.172255517105857736e-01,-2.806508861664613885e-01,-3.389862965425747832e-01,-4.962790489899946977e-01,-4.453514740523449311e-01,-5.013640840021296174e-01,-3.606636731752332903e-01,-5.219505187997659501e-01,-4.679754328931181595e-01,-4.354391802351325058e-01,-4.652187968392716977e-01,-4.892099450906393088e-01,-5.334442241386427863e-01,-4.348109726600798419e-01,-5.438028629272172454e-01,-2.867245793543815591e-01,-1.635434686865722409e-01,-2.517305971755602334e-01,-1.166621462895844341e-01,-3.148745968057455880e-01,-1.109939787269767775e-01,-1.296516865302587973e-01,-6.849173969756341962e-02,7.221653460562960092e-02,2.502156418246375205e-03,5.171427550245750321e-02,-9.281730563095663689e-02,2.708144683671142583e-01,2.122965954296944791e-01,9.123700317263809534e-02,1.560967368094952068e-01,1.566720756009548632e-01,2.691711825608528175e-01,1.739407487643347128e-01,1.019059882380760618e-01,1.725225935316746784e-01,9.928586954922019592e-03,3.321683166627701911e-01,4.352074134200619726e-01,9.711072358098860047e-02,2.523696935119385532e-01,9.339382172228696821e-02,2.272697429614143616e-01,-1.796866612733619695e-01,-7.084492207472811720e-02,-1.461904979131054549e-01,-1.817666532832880599e-01,-4.273545650435932042e-01,-3.140895614456023499e-01,-3.609634137801392972e-01,-2.150453343738383816e-01,-3.881967528158649094e-01,-4.059247880856935442e-01,-4.531140226511297664e-01,-5.819657588170034090e-01,-3.696738444696165415e-01,-5.075073265999463512e-01,-4.497909535525839164e-01,-5.558599507568544595e-01,-4.002845086922187101e-01,-4.205539104731853550e-01,-3.356311512335074521e-01,-4.816800571900108907e-01,-2.925161434364944579e-01,-2.671775499663305853e-01,-2.727378881366134267e-01,-2.449861118319106024e-01,-2.643281702977814396e-01,-1.989121247514102908e-01,-1.518889106948744794e-01,-1.316766167261139431e-01,-7.026935372095050036e-02,6.709858138445566611e-02,-4.587992135322720155e-02,-9.989292285894019185e-02,1.378262706391852610e-01,6.497179811618998546e-02,6.158799208183719787e-02,5.472294267960317593e-02,4.451190635698670794e-02,2.823130118271621192e-01,1.300087984301266097e-01,1.316812132031046911e-01,3.285564249058608999e-01,-1.114094200978363314e-02,1.288718029098737117e-01,2.826715920051875441e-01,6.990890104199447286e-02,7.508159444873331589e-02,1.197413416594449442e-01,5.332828494876617337e-02,-5.392042561963292235e-02,-8.721777218384801911e-02,-1.451982270371313666e-01,-2.428744790474750281e-01,-3.854760440473817829e-01,-3.868540410909843130e-01,-4.431600547704874771e-01,-2.829776719594303547e-01,-3.759772351775393928e-01,-5.665558487866488857e-01,-3.893522109734971481e-01,-4.132041637326201444e-01,-3.893850319504412738e-01,-4.911610657172756911e-01,-6.558298995129189235e-01,-2.885636168194624096e-01,-6.125477590795138649e-01,-4.438678367362199895e-01,-4.994357802510861477e-01,-5.128945127292074968e-01,-3.820142981859426801e-01,-3.095116584109496305e-01,-2.177006658324966426e-01,-3.897887290797638071e-01,-2.744431207689918550e-01,-1.934358534447552236e-01,-6.933312154274817729e-02,-2.214836548427331908e-01,1.069288786597310942e-01,2.738285036840982720e-02,-1.223000126679875260e-01,-1.126758882506445347e-01,5.021394982914307442e-02,6.600390171516096194e-02,1.787382771639732248e-01,8.224617094366883097e-02,6.364409459207323594e-02,3.372855326065522519e-01,2.171606519328401763e-01,1.172404980567571531e-01,1.073730020723410450e-01,1.052131842531644212e-01,3.396084298230179210e-01,1.595350538989662448e-01,-3.684635053550468220e-03,-9.766990058763337645e-02,1.796880079693095322e-01,-6.734615447523370491e-02,1.583260351057921844e-01,5.255217911455578594e-02,3.774426292466820376e-02,7.548704675488590587e-02,-1.364064174398036400e-01,-1.213925365732198697e-01,-3.363553420388621928e-01,-2.464109193972946199e-01,-2.298723027271205588e-01,-1.786285780923630995e-01,-2.229640038087746245e-01,-2.458527300670912408e-01,-3.333394085093285275e-01,-2.551335229214879430e-01,-3.274469220429137017e-01,-1.038351064310595595e-01,-2.113365505351075258e-01,-2.321603873504189952e-01,-4.230908182268507955e-01,-2.148437914148476069e-01,-1.210684328332116699e-01,-1.616725565192465575e-01,-1.183361560515411581e-01,-6.154890809188151568e-02,3.668831397534819128e-02,-7.848095827716036754e-02,-6.129212260130804946e-02,2.210730351386799852e-02,1.890517670983487553e-01,1.437204529646011752e-01,2.755520395423841640e-01,4.766345527894708806e-02,2.744961316194967083e-01,2.669411783935745630e-01,1.505083742402509306e-01,2.605777945025069542e-01,5.685604591375095218e-01,5.052635401556153649e-01,7.297674001116173370e-01,5.045667672515441460e-01,7.010492051496762800e-01,5.518836571313154860e-01,4.897355803412852815e-01,4.341883743835534548e-01,3.977670177954454322e-01,2.896780186364492637e-01,4.873212431431775404e-01,2.588925623265641573e-01,2.217473422835250785e-01,6.914174964219960140e-02,2.496759590020536101e-01,1.186405242739416166e-01
-7.545300649259494286e-01,-6.665336223232745105e-01,-8.041586708550251261e-01,-6.914803906854559701e-01,-7.810558422203658369e-01,-7.317075574717309960e-01,-7.203344874547176202e-01,-7.562424872618375149e-01,-4.876855293574351435e-01,-3.852111078611711870e-01,-5.946801291042478343e-01,-4.448504193447746502e-01,-3.307086903107461784e-01,-3.697340302937536793e-01,-3.388300652988714967e-01,-3.163301971356172748e-01,2.289220461881871227e-01,-1.400028198565562119e-02,6.965040906594147097e-02,-1.711573821345757640e-02,6.689037402384558073e-02,2.767294308844348572e-01,3.840842713461348756e-01,2.455535540069546940e-01,2.988858187511089781e-01,3.661803556487672195e-01,3.824720424765408189e-01,2.081162551462174271e-01,5.253060427954130418e-01,5.227049414626560031e-01,3.200565895620228196e-01,2.225541465515028239e-01,1.053810949263751968e-02,4.507683682272321107e-02,1.432611747818732413e-02,1.693533887315903097e-01,-1.905486642908859329e-01,-8.511834107197260857e-02,-1.330061690875308511e-01,-1.238833302570675476e-01,-5.476251466791089983e-01,-4.789451408342032535e-01,-6.364102739230139694e-01,-5.563672650492136329e-01,-7.241492583838807784e-01,-7.953880659181905566e-01,-7.540967284690813788e-01,-7.952179568179862379e-01,-6.373687268410570539e-01,-9.039784664072235687e-01,-7.562049508220025640e-01,-7.542428159506744390e-01,-7.284797735084792558e-01,-7.215129148168186735e-01,-7.394688381957230661e-01,-5.519875570317098745e-01,-4.978607242598560023e-01,-5.092223352442986073e-01,-5.952439810062132297e-01,-6.394161951425652024e-01,-3.547542832181282413e-01,-1.638860316505463544e-01,-3.447415054648534927e-01,-1.939770225772910750e-01,-1.060577304475193855e-01,8.420091075562073646e-02,6.421057361016270504e-02,9.468592231406804116e-02,3.737083681895385090e-01,1.896053194430206978e-01,3.303016865050257822e-01,3.182421396171827843e-01,3.701467674396611285e-01,3.337880364719877924e-01,3.555068817807490733e-01,3.428258364370064815e-01,4.094612911270441580e-01,2.579040981773825791e-01,4.452302014143594833e-01,1.693677432694157825e-01,1.540189712736567129e-01,2.303825134975763245e-01,4.947050654353896126e-02,5.441543238925208165e-02,-2.826248080332999790e-01,-1.477969531253563173e-01,-2.266708021855383670e-01,-3.213530766986830711e-01,-4.882485824171766686e-01,-7.318744502709706445e-01,-6.880567479808802345e-01,-6.261683191150470007e-01,-5.945227744468835063e-01,-6.833035203815450709e-01,-8.093324709554980956e-01,-6.352522119913148746e-01,-6.358413063843347812e-01,-6.289556870380964559e-01,-7.206800780814698326e-01,-8.512289791693478103e-01,-6.480365602889298637e-01,-6.959239352307181603e-01,-7.101593082038515359e-01,-6.575841749948191373e-01,-6.001083315739003110e-01,-5.565042530126107501e-01,-5.933396986431989095e-01,-4.375689492389002733e-01,-4.368018813769454778e-01,-2.715190895363512880e-01,-1.836968666141371997e-01,-4.157401459455450921e-01,2.680767468603554443e-02,-9.271939445040471017e-02,1.121258370219175952e-02,8.804506297267948589e-02,3.311136278985614134e-01,2.171969116125941068e-01,2.170428387375438750e-01,2.300518785242089692e-01,3.047225772077738482e-01,3.287222996160611976e-01,2.227179082943644417e-01,5.105411288763017641e-01,3.881712442618472370e-01,4.687477312054222911e-01,3.734566933651378706e-01,3.451824488838788341e-01,2.444346365527167442e-01,2.028147042774455788e-01,-3.607637020106736758e-02,3.054167703259978994e-01,-4.994026621781374152e-03,-3.417872680608585734e-01,-9.715114722705960049e-02,-3.625685477388326805e-01,-5.414739562692455488e-01,-6.723466376972463410e-01,-6.760863302854088763e-01,-5.370346373472519863e-01,-6.464531043946732947e-01,-7.167309128086132297e-01,-6.486688904236129760e-01,-7.629751365240409200e-01,-6.438266922708020257e-01,-6.907353910287247212e-01,-8.434352178998787419e-01,-7.028108419439189625e-01,-6.340819179875621936e-01,-7.270538262599101076e-01,-8.032271301443975053e-01,-6.840979989146155349e-01,-6.486788590312627667e-01,-3.595262421372900641e-01,-3.855657691186882285e-01,-5.356867542445532537e-01,-4.441935514629598569e-01,-4.489588077602558736e-01,-3.984625106544489315e-01,-3.714240178218092270e-01,-8.130978385433242084e-02,-1.223131357075973036e-01,-1.068184098456208611e-02,1.154284623856134499e-02,2.159841601776962550e-01,2.467273179621998214e-01,2.631640251640336992e-01,2.965226725879427927e-01,3.574923703959033139e-01,4.106233729989057779e-01,4.255411872047411004e-01,2.853599781248254974e-01,2.296290297487770804e-01,3.937222668382786561e-01,4.972567778365220570e-01,3.483428477716631333e-01,1.271501353418519054e-01,8.647568397612066804e-02,-2.267569184482962769e-02,1.091780120680645866e-01,-2.704971210412867588e-01,-1.740957319928474745e-01,-2.335352393285253514e-01,-3.515262722287934016e-01,-5.544133121775879358e-01,-6.485779994600082698e-01,-5.836348633585018986e-01,-5.338948076221866623e-01,-5.945890314468094129e-01,-7.519972040750184661e-01,-7.791937953985385024e-01,-6.983828279811689077e-01,-7.674004765780733095e-01,-6.344614180360654832e-01,-7.012573035504597874e-01,-8.343430560373741312e-01,-7.664556228788698133e-01,-7.080905926992389077e-01,-6.910392942851543152e-01,-8.281743891788044820e-01,-6.195731348900633817e-01,-6.278114852889274955e-01,-6.495552904905120828e-01,-4.914826964784221874e-01,-3.221788267065875955e-01,-4.904604696312044321e-01,-3.436345697583386705e-01,-3.956986790443192126e-01,5.680223279770665705e-03,-5.128154797519523383e-02,-4.159760288030270314e-02,6.508662514233574947e-02,1.961246724928707164e-01,1.843910920143408683e-01,2.295669867245934415e-01,1.074620463665544173e-01,2.180022797504092835e-01,4.906516507499985580e-01,4.656884772147540930e-01,4.601934736799817571e-01,3.195384799853650537e-01,2.835092899025999369e-01,2.339432316116869248e-01,2.831344646610393645e-01,5.001635483894679990e-02,5.626816220465636481e-02,-3.418440466012771101e-02,1.241265459150049932e-01,-3.347876285349788428e-01,-2.655646799749554754e-01,-3.490817117958130433e-01,-1.240725133312828299e-01,-5.295107407711737713e-01,-6.254048465864967543e-01,-6.275094616995514629e-01,-5.886558929322360800e-01,-6.184929279707003236e-01,-7.204310420782500390e-01,-7.139452454696891825e-01,-6.448446909814934402e-01,-7.206978517318903821e-01,-8.502442463961296104e-01,-7.423366771506529904e-01,-8.026575554412826996e-01,-7.305282512630091318e-01,-7.348131090066530868e-01,-8.181147617072158651e-01,-7.196083854045680628e-01,-6.517793674905896228e-01,-6.853858188380073102e-01,-5.809486070350097231e-01,-6.549348932757216302e-01,-4.379694118789763113e-01,-2.783173941363725201e-01,-3.312529479531053922e-01,-3.108735044257150970e-01,-1.204431167488247828e-02,-3.123569490699387372e-02,-6.773979294025748998e-02,-8.663499853195862077e-02,7.440015888004883338e-02,3.035693290351044737e-01,2.535682831515918001e-01,2.887364385358054952e-01,4.274811759915338460e-01,3.028098874452671008e-01,3.126456481663023035e-01,4.266323352065558017e-01,2.607131038922771982e-01,3.325344819725529200e-01,4.671549685460746892e-01,4.697542922204835936e-01,-1.010181914511153406e-03,2.343344982161524315e-01,-1.495543061836678567e-01,2.847685847520794455e-01,-4.741709475115021832e-02,-1.744622847920578868e-01,-4.035970654079906739e-01,-3.245111951900797598e-01,-6.050435774528044597e-01,-4.915812418085581115e-01,-5.379674186261267366e-01,-7.685498225161628838e-01,-7.797775439484514459e-01,-7.658381509764162764e-01,-6.441809994212346346e-01,-6.336585907555980501e-01,-7.566449838841381448e-01,-7.371073753350372293e-01,-8.534909145329150348e-01,-6.930522556314805405e-01,-8.500529138229295789e-01,-7.510386719324596561e-01,-7.970471244993418969e-01,-7.981961346790890088e-01,-5.446147604853862623e-01,-5.770691842274983108e-01,-5.254797556905171918e-01,-5.906588074032583791e-01,-4.539797902116355921e-01,-2.488058036507979909e-01,-3.160529244484659439e-01,-3.834347567318410754e-01,-1.586395880569916872e-01,2.641008857261995316e-02,1.585754403433945262e-02,-8.611150322831041815e-02,1.891737870070837879e-01,1.117905225342412240e-01,2.265877516243072487e-01,1.449230561733635958e-01,3.300379296523291428e-01,2.898214595846894670e-01,3.594183181227965096e-01,3.136981060099968133e-01,3.377975242342985407e-01,3.661071671383644976e-01,4.838308195085117558e-01,4.792533399100698532e-01,8.308481908589462894e-02,-1.586897184440035167e-03,6.987701217962594136e-02,6.207105443318235508e-03,-2.435010037717205422e-01,-2.903139404278503033e-01,-9.974592988957700634e-02,-2.282167313361134209e-01,-5.504165020264415453e-01,-6.920317479313659037e-01,-5.512556316815290236e-01,-5.474833299303910605e-01,-7.197936742592881965e-01,-7.326480870152052294e-01,-5.884681711609568433e-01,-7.193651781651713151e-01,-7.387627448009068676e-01,-7.616321646355471708e-01,-7.168780678731930811e-01,-8.002124191941948350e-01,-7.668712528229351122e-01,-6.563557519075861046e-01,-8.142018676520836884e-01,-8.198440165742858499e-01,-6.313065298804170222e-01,-5.595914221550853940e-01,-5.389350683686823240e-01,-5.279555463225715783e-01,-4.547193289513759007e-01,-2.607766430258892099e-01,-2.220694959388767598e-01,-3.824155783408225706e-01,3.772037570028875103e-02,-9.523219519510942380e-03,-1.746899955527449200e-01,1.220532058475723020e-01,2.388148651888682694e-01,2.969413879427907910e-01,7.367667198270397982e-03,1.004173981065059340e-01,4.127389743187765414e-01,2.646899209803582620e-01,1.896028616992496973e-01,3.708254040175473221e-01,3.472329574956348752e-01,2.989497494902439989e-01,2.521205870891822798e-01,3.826678393715408633e-01,-1.847811288337240440e-02,1.021049212021026970e-01,1.243546980649215955e-01,1.443278030059560180e-01,-1.865297733684572745e-01,-2.412176302212170331e-01,-1.759608796882932980e-01,-3.525078802657030108e-01,-6.266063309552254434e-01,-6.262911319929639342e-01,-6.122338372510400806e-01,-5.447406308806264086e-01,-6.891260599907320650e-01,-7.147203754664088748e-01,-7.675209740676195436e-01,-6.281166395394108815e-01,-6.407349335866198148e-01,-7.181316112726716661e-01,-7.375305060164215609e-01,-7.695470195633642430e-01,-7.724227166158875724e-01,-6.438675536644558051e-01,-7.289633924987812819e-01,-8.169737847173008660e-01,-4.084526608844670781e-01,-6.739651107969915067e-01,-5.155541792659987799e-01,-6.895027742179538066e-01,-1.670321647342533355e-01,-2.755481667745198204e-01,-3.250181888526983420e-01,-4.184176425714138947e-01,1.029821595541305784e-01,-3.514440302652305781e-01,3.310475682394284358e-02,6.127665381547323098e-02,2.939556228692818407e-01,2.666146904003905971e-01,5.394162208812339904e-02,2.885060552813524248e-01,2.239212773071772022e-01,2.557630817022634728e-01,1.944843215210356746e-01,5.212780694533936110e-01,3.101315809125583800e-01,3.891496459214179304e-01,3.412654124959085267e-01,3.790799396711043712e-01,1.557124484817027921e-01,2.106320950278074353e-02,5.902809765507444940e-03,1.082168161446632471e-01,-1.733769392637951046e-01,-3.282230505748147120e-01,-3.524174611595102813e-01,-3.244421582654605229e-01,-5.822057022840410045e-01,-6.107313112736841854e-01,-4.933645132741052430e-01,-5.517543063628904676e-01,-7.489766436415432604e-01,-7.068451778011263231e-01,-6.331807422329244206e-01,-7.219457551354183655e-01,-6.896129254970383426e-01,-7.659040630821148943e-01,-5.039113269786149596e-01,-8.434609329565525560e-01,-7.049784291043276196e-01,-8.047558246785440073e-01,-8.260738477369717891e-01,-8.096306622345923465e-01,-3.696874131971822908e-01,-5.731982082274025281e-01,-6.756747785586706412e-01,-6.984157409355402635e-01,-3.439326999711315169e-01,-1.934329401650268787e-01,-3.947618315895509156e-01,-3.156942607426101444e-01,-2.745575633338474819e-02,-1.233436301941308877e-01,-4.452767455221048193e-02,7.536748011699824501e-02,2.971720395911559565e-01,2.424321728770093276e-01,2.799209552443596150e-01,1.582364643026540618e-01,3.200353280781558785e-01,3.780339370158414813e-01,3.898272579213694078e-01,4.598948921979645332e-01,2.250034514625220694e-01,4.480873466019006934e-01,4.427426770162922742e-01,2.064623890360732517e-01,3.025249668876460740e-01,2.007507248931543753e-01,1.739213501832565789e-01,2.926104072667815581e-01,-1.434712352491221699e-01,-2.719348166218704121e-01,-1.850435008355790778e-01,-2.378145992991972935e-01,-8.078008234617455319e-01,-6.837822807083893117e-01,-4.359767306038669354e-01,-5.514118391613371806e-01,-6.128325011816135870e-01,-6.740031608753771497e-01,-6.996413149065187076e-01,-6.342106348116901549e-01,-6.971524536147120088e-01,-7.427444819639611451e-01,-7.764622129496079328e-01,-8.160689280151919300e-01,-6.881787138127890557e-01,-8.242955027497461673e-01,-7.459539796366827513e-01,-8.192398212449342187e-01,-5.956511315221759695e-01,-4.894210583211748289e-01,-6.201412182894318059e-01,-4.679440946833146042e-01,-3.191402368603864503e-01,-3.451703946081969843e-01,-3.656668646787140098e-01,-3.222843845785316463e-01,1.448300391673394416e-01,3.344169099392103883e-02,5.023926685786293117e-02,6.248680245626912072e-02,1.506927684968337733e-01,1.954277784028989051e-01,1.739449118180547149e-01,8.362888347694553970e-02,3.796961698369297200e-01,2.641256981242132151e-01,3.086274507241058007e-01,2.800023323009964149e-01,2.154047160893086399e-01,1.601061368187236544e-01,2.871564277573316337e-01,3.954816700283781961e-01,3.598696786818076591e-03,7.938008528303952538e-03,-1.328791409179446992e-01,1.700028047508791718e-01,-1.793084741872711663e-01,-1.789612722528542699e-01,-1.958166783123563015e-01,-3.216819720357248502e-01,-7.181897719323628859e-01,-4.341701228017285086e-01,-6.215529648159870968e-01,-7.092716694473809591e-01,-7.449229783738571253e-01,-8.507267142106830216e-01,-6.434904051163475858e-01,-6.700072369519237681e-01,-7.252131715813202595e-01,-7.750709189298358170e-01,-6.599694402235533053e-01,-7.687486655093244137e-01,-6.964065030382379229e-01,-7.523616871596221500e-01,-7.470801405469476020e-01,-8.049285355590937163e-01,-4.921481538181121662e-01,-5.611953088511040244e-01,-5.780208322072767357e-01,-4.648094430911224872e-01,-3.520985652240013475e-01,-4.742156086706014739e-01,-2.841115631344754977e-01,-1.581002215232435171e-01,2.440706330565173623e-02,2.056136378696371211e-02,-4.878009048386061641e-02,5.444943423057982401e-02,3.087458141200390416e-01,1.588241927240689744e-01,2.790435501229613924e-01,2.548540401672672595e-01,3.386594810743279171e-01,3.024490252740018592e-01,2.469116558881620238e-01,4.775370959780660396e-01,3.349179916254294009e-01,3.259049967845322193e-01,2.847478264117159763e-01,3.133563236944963970e-01,4.902034494830192005e-03,1.227360388457489904e-01,9.330230470877669269e-02,2.446944583065799317e-01,-2.509155651573892198e-01,-3.690328292862047888e-01,-2.328041144414957075e-01,-2.446184239958174023e-01,-5.693578591639755215e-01,-6.692092678443810616e-01,-5.927675700413457260e-01,-7.111237440846086555e-01,-6.921371133964785427e-01,-7.176168006470722283e-01,-7.092718976901696282e-01,-7.756857684428726252e-01,-9.194638891231392552e-01,-8.001376450775157245e-01,-7.279182373066761524e-01,-7.547589988853565801e-01,-8.070480647240337868e-01,-6.102679860724207206e-01,-7.016544924551832985e-01,-7.007517484064043067e-01,-6.872001385679711305e-01,-5.210773728087221279e-01,-5.013322566466995589e-01,-5.538672679460618919e-01,-3.428654108725261995e-01,-3.946060929359219149e-01,-2.754720312815176486e-01,-2.600744669503183837e-01,-1.385712020243333731e-01,-1.679801025497595635e-01,8.219623656544669532e-02,7.809833580786634810e-02,2.895516154100068462e-01,8.193783237209465234e-03,3.066956487669762477e-01,1.080699919363848904e-01,3.601156423502832604e-01,3.900085760043616179e-01,4.074173835766698448e-01,4.584538760249196598e-01,3.925848515881713019e-01,3.526705831856590256e-01,5.365700950879016551e-01,2.628024861676322432e-01,-4.708490033608223740e-02,1.314543554373015233e-01,2.182587220391414007e-01,4.224821499415972598e-02,-2.362170310744313995e-01,-3.927077349800909833e-01,-1.276321665435675157e-01,-1.162408279207242517e-01,-6.814208227688993702e-01,-6.192348928743379721e-01,-7.030504344138739370e-01,-5.485891594506809854e-01,-8.052804910028780183e-01,-6.968521067956857662e-01,-7.292311797504134052e-01,-7.327658050322028993e-01,-6.673302337554742891e-01,-7.772241592060309401e-01,-6.820647569950346600e-01,-6.836914918640027983e-01,-7.181516547036466136e-01,-7.337347148390656049e-01,-6.954907708304157721e-01,-8.363427817868467340e-01,-5.756309751930004381e-01,-6.060508276305375253e-01,-5.410919302309952217e-01,-5.635886027129773934e-01,-1.973306198619340368e-01,-1.852319931238840256e-01,-3.454255593248207745e-01,-4.113721379564918013e-01,-1.165615866856055394e-01,1.209361695180055235e-01,1.351294522534779441e-01,9.681275574570000209e-02,1.933251786059247412e-01,2.555410855195740516e-01,2.104803451641807377e-01,1.816370366067565079e-01,3.970409473246852561e-01,2.639506036682207624e-01,2.823794528129313086e-01,3.639767797352468359e-01,2.749179746776229116e-01,2.451073851751461863e-01,3.041625266384884174e-01,5.086048134530128939e-01,2.208364681612465796e-01,-5.428836376691108245e-02,8.297928880647822969e-02,1.006838070054109219e-01,-1.249209682800814583e-02,-2.973977982158835243e-01,-1.062061526969546033e-01,-2.905356183145912374e-01,-4.585405719056692142e-01,-6.284156919148815579e-01,-4.405450100243436529e-01,-6.772412819182072052e-01,-7.194890281161409051e-01,-7.418190630514061024e-01,-7.731652790025388411e-01,-7.339657907229774070e-01,-8.048062196575834770e-01,-8.484355856630775294e-01,-6.940236864330002753e-01,-7.324092988158752426e-01,-8.032978438805550292e-01,-6.557397663459304527e-01,-7.173034815500122230e-01,-7.207016880084197163e-01,-5.635266856278086101e-01,-5.825127323503754839e-01,-5.916024291842791882e-01,-6.386693138764610866e-01,-3.615836758522086858e-01,-1.825375810967155843e-01,-3.886388392832368366e-01,-4.285490759589030696e-01,1.129415615392599243e-01,-3.410230997202282066e-02,-4.099566529515992486e-02,1.320890857838087108e-02,1.912214631981634938e-01,2.472052266523570296e-01,2.260710233916198297e-01,2.404256821937565125e-01,9.692148443242801226e-02,3.216490748732126481e-01,1.553743821124343449e-01,4.185978882408492585e-01,2.213985396709326481e-01,3.702841504478436296e-01,3.707143075157888767e-01,2.964687157114562766e-01,1.273033466679286407e-01,6.757443508873237081e-02,1.365833108232737958e-01,1.477885429646391968e-01,-3.111361112092254633e-01,-1.827361105927791662e-01,-3.221767297768705629e-01,-3.943954047878879821e-01,-5.853173369337962839e-01,-6.051256061356916627e-01,-6.508777942109418291e-01,-6.002607327181554986e-01,-7.196711261397917836e-01,-7.312601234572384534e-01,-6.639028745904625994e-01,-7.828361957281733119e-01,-7.073574348100294396e-01,-6.536619914905672513e-01,-5.918297259278284539e-01,-8.004923754182114992e-01,-8.680246952782004755e-01,-7.926158171556427767e-01,-7.318449344999151673e-01,-8.005005061069769834e-01,-3.617591070333019965e-01,-6.775891777985095787e-01,-4.983403519336651044e-01,-5.961422735984202026e-01,-2.428107758112416359e-01,-3.539340699570517890e-01,-3.623347862264446606e-01,-1.748642717165937999e-01,-4.269425239600323219e-02,7.193478212310210063e-02,7.782744690581956670e-02,2.706532036758753090e-01,1.873947860892307138e-01,3.019881986085271031e-01,3.007537712551413001e-01,5.593678870929309765e-02,3.194764015121233092e-01,3.814370764241776790e-01,3.073920462546159693e-01,4.228130362546026477e-01,2.756006472091822590e-01,4.268929765920893571e-01,4.214751649087877805e-01,3.299017023305473861e-01,-3.317497375108809012e-03,1.057553017617823277e-01,-1.434017851602344129e-01,-2.617237733861406054e-02,-2.321871533370201690e-01,-1.979839400973553709e-01,-2.538781350521081004e-01,-2.454687314382808516e-01,-5.797549172067106849e-01,-6.699610225452816703e-01,-6.247750161469972641e-01,-5.789723320628678005e-01,-6.422562413125790792e-01,-7.766981283221026100e-01,-7.286564416988731141e-01,-6.886599686319198055e-01,-6.829202822744643298e-01,-8.243509503026577034e-01,-8.175232076899274780e-01,-7.549481342817599971e-01,-7.699064040734859837e-01,-6.941832141797992239e-01,-7.320250604511676640e-01,-7.986025800684101172e-01,-6.406125013876481367e-01,-5.455947342071971740e-01,-4.610051839679781271e-01,-5.106060289812877073e-01,-2.929631387402802378e-01,-4.204621545226810975e-01,-2.716137810782813244e-01,-3.616195642568063029e-01,2.884820620470715871e-02,7.317747191456797085e-02,1.442855350085175126e-01,9.130089884037628778e-02,2.531221417925822448e-01,9.028125580321455512e-02,2.956515573630123517e-01,1.592254660539948463e-01,4.270120125119823418e-01,3.957657961467893615e-01,2.366743172865201916e-01,3.176766496328003453e-01,3.890206694734487103e-01,2.546473188666369958e-01,3.993406446551003297e-01,4.149385527037046661e-01,5.493482786184458039e-02,8.129728992876360250e-02,1.708639353102188174e-01,1.383575657016948290e-01,-3.520751490901280478e-01,-2.166954625386464939e-01,-3.847447094473458451e-01,-3.715255306865345442e-01,-7.243314511103777775e-01,-5.058274493914888259e-01,-6.444890900411432977e-01,-5.349496288145005884e-01,-6.005198135611147237e-01,-7.411534890087176919e-01,-6.885035554813846437e-01,-6.127400609610076376e-01,-8.051597715805053346e-01,-7.673189522132327633e-01,-7.973263776742421927e-01,-8.241310166630257950e-01,-7.969867968676436210e-01,-7.529953164243322616e-01,-7.799314587779422325e-01,-8.141639116401774290e-01,-5.321623261538213079e-01,-5.168537629325929972e-01,-5.127328779038284878e-01,-4.292798502658713433e-01,-4.745489806524356702e-01,-1.747760479262715216e-01,-3.783601148975356820e-01,-2.984231607455454238e-01,-1.686877630378748371e-03,2.735072785762785418e-03,-5.169784015373774660e-02,1.460911591881101576e-02,2.857151993256447087e-01,2.955191205978200952e-01,2.525227259064479757e-01,1.406035796790603976e-01,2.589785786499059217e-01,3.727377066510709214e-01,2.696032596756522959e-01,2.994237329707045703e-01,3.768068306236803111e-01,2.023594908235966938e-01,4.856373390555519531e-01,6.546367455320190043e-01,9.784833171549704722e-02,1.784261748498038036e-01,5.445815587558191367e-02,1.513979502192727145e-01,-5.443339688228695378e-02,-2.089148931436459466e-01,-2.073320761020886194e-01,-2.532531225630088589e-01,-4.883646601502819040e-01,-6.126962485067174446e-01,-6.275734322141222066e-01,-4.804057857582096358e-01,-7.014412712647383197e-01,-5.919196719857305888e-01,-7.889320330507464396e-01,-8.188818635182900652e-01,-7.430369825369880221e-01,-7.506767085927663619e-01,-6.922844462912739472e-01,-7.397933526001049254e-01,-7.383375845941257953e-01,-6.960873085800846072e-01,-6.990933141695158115e-01,-8.039715138426868357e-01,-6.117033329330369140e-01,-5.742802286704932202e-01,-5.796033532728595006e-01,-4.437535777011359373e-01,-3.033721535765241395e-01,-2.914654392634063451e-01,-4.392902027619736138e-01,-1.232490570364635496e-01,5.308343656446101733e-02,-4.413732912683489620e-03,-5.311564353412561584e-02,-1.478601182331634734e-01,2.887781165495588720e-01,1.459042885160340142e-01,1.859102302018555697e-01,1.584030181987822195e-01,8.138216414249110908e-02,5.120432809378473449e-01,3.390162611281015703e-01,3.478973091567614251e-01,5.277489845350793463e-01,2.763631292879686896e-01,2.161163823246478599e-01,4.489090358862158348e-01,1.866441123399219248e-01,1.629711669979785338e-01,1.221943892600460685e-01,6.575274243264217500e-02,-2.920916725648419754e-01,-1.781550416894422117e-01,-3.439597384385459922e-01,-3.748239074666978587e-01,-7.588668781402162500e-01,-6.612471084000057786e-01,-6.942817347570168218e-01,-6.334110041521294754e-01,-5.887361854119050886e-01,-8.364739963749401319e-01,-6.503150004209359292e-01,-7.533492063820121931e-01,-7.540910316341765673e-01,-7.547942557981567324e-01,-7.900135618748060917e-01,-6.066174929422635254e-01,-7.620541791269720422e-01,-7.822561251587549780e-01,-7.051578393308692849e-01,-6.801661395964629930e-01,-6.570570450894520631e-01,-4.461746614212614981e-01,-4.575769826723953271e-01,-4.849262089042825075e-01,-3.333795053899993865e-01,-3.381911813723771365e-01,-2.732530721953807529e-01,-4.328087141795857740e-01,6.863359358692517828e-03,-1.341516190925957572e-02,-6.443440603085534568e-02,-3.689040587375643637e-02,1.410000837116228423e-01,2.979276732091161173e-01,3.724226120257768669e-01,1.356839316573804077e-01,3.526058036019476538e-01,5.028483062264967884e-01,4.521172416547638573e-01,2.509107992071152315e-01,2.431887626684672843e-01,2.790114906517188187e-01,4.427012931947348351e-01,4.708878823124540980e-01,6.480116378344433214e-02,8.720103681540629370e-03,2.039327350338859535e-01,-1.733846874461539567e-01,1.430017462624214586e-01,-2.307971392970246602e-02,1.935041653918472548e-01,1.737516387308731813e-01,-2.009792573871050370e-01,-2.686675900943908402e-01,-6.378361569999433378e-01,-5.574127734028900827e-01,-4.812749143025066290e-01,-4.075249246804616421e-01,-5.164616974479908640e-01,-3.502047059587849454e-01,-4.613480304067006932e-01,-5.126768720630547893e-01,-3.898829443192784461e-01,-3.390523135164790203e-01,-4.858047182020316379e-01,-5.518867399867204426e-01,-5.403319664549652845e-01,-5.667607605669719995e-01,-2.304765908361689764e-01,-3.206707885819670700e-01,-2.577938424939311135e-01,-3.001879077081325842e-01,1.265466370826237238e-02,-1.144921875506695885e-01,-1.007435452164533174e-01,1.307128995714449717e-02,3.793923850127375874e-01,4.432537079466944974e-01,4.372258871500587785e-01,1.947288012061103579e-01,5.734189274753200838e-01,5.305828956325729928e-01,4.613027723065946106e-01,6.381886690355341729e-01,7.623782966155504548e-01,8.215701793465740588e-01,7.782950654752509578e-01,8.155713371786466048e-01,9.234661563304723542e-01,8.176430261606976169e-01,8.187333528419711293e-01,8.005226955956690205e-01,7.140830736597987283e-01,5.408846649524891026e-01,8.224805455596009285e-01,6.027481554863499680e-01,2.758024532771526371e-01,2.269429501969683904e-01,4.629373626512123807e-01,2.651550308677307899e-01
8.338072173348964888e-01,1.370300909100730102e+00,9.483920200572588666e-01,9.418410112897649400e-01,1.080001528408913058e+00,3.128830792778841685e-01,1.124325613844650906e+00,6.767740201234639930e-01,2.066874182418440009e-01,-1.887402885112048345e-01,2.148106921392422541e-01,6.762938216983195305e-01,-3.787731110956343850e-01,5.410917135798744004e-01,3.381704420508857556e-01,-5.375506607840863094e-02,-5.085251353623244652e-01,6.370280642211634259e-02,-3.379076237028023066e-01,-5.943435555585306618e-02,2.821158610876552397e-01,1.290799340479203972e-01,-4.280414034739565832e-01,-5.057090223308222665e-01,-1.577799915344316184e-01,-6.805735910553984969e-01,-2.950575809593222187e-01,-4.292701120893165356e-01,-5.113383453074753504e-01,-7.810718942226517747e-01,2.618432554455391026e-02,-5.369388180009845302e-01,2.851573505032513056e-01,-1.576683837228507745e-01,-1.805448003091792986e-01,-7.902116160109478038e-01,3.140573031409625293e-01,-2.856651046145830541e-01,-1.442698726237943707e-01,1.013170426318160816e-01,1.224829918856531918e+00,5.744026855585463442e-01,9.254692873051250102e-01,5.578945137382678165e-01,6.785567511923712436e-01,9.922055715073933024e-01,9.117181877663247391e-01,7.009951451350615592e-01,1.063631916426441615e+00,1.024443870249543975e+00,8.933776693528391322e-01,5.330200288148099208e-01,3.870048767145513602e-01,8.064325390586162268e-01,4.449269457307871156e-01,1.757379707485012821e-01,3.008354221245258531e-01,6.293502782099718029e-01,6.962314836797247608e-01,1.382185952272390939e+00,6.874944585870479408e-02,2.078498619438720052e-01,2.733975526906325393e-01,6.788544077577811642e-01,5.471764671011539738e-01,2.981009895024258616e-02,-6.101380701734243628e-01,7.630236642095986066e-02,-7.301777024636302293e-01,-3.971037669952001692e-02,-6.669897254759068472e-01,-3.978412127062165848e-01,-5.162715899375852624e-02,-7.313970013479715870e-01,-1.791639010131791110e-01,-5.747515376610023985e-01,3.529380210698929154e-03,-5.036629710495430512e-01,-1.570866506070929813e-01,-7.267972957476485918e-02,1.569950530810118039e-01,3.633220187689953362e-01,6.303354409195478791e-02,-6.220374081949442413e-02,-2.193069811458163154e-01,6.120870822395069188e-03,-1.916732127126298812e-01,5.032617237220735618e-01,6.133910277739754724e-01,9.847671037152464502e-01,1.035501130755799304e+00,5.289849985121944931e-01,1.054526575944509048e+00,1.019328540828949414e+00,1.016884586367479582e+00,2.644224956309554897e-01,3.983138136658420647e-01,8.102751565986371363e-01,4.137933264064470040e-01,7.965726381481709195e-01,8.920084335392861608e-01,5.117891204875033573e-01,5.694930702141806078e-01,3.152719131229286820e-01,9.600098928241667107e-01,9.015763075363675272e-01,8.257528631459258861e-01,7.423955916599722649e-01,7.997798134328943931e-01,2.273514448048635506e-01,1.053803375014089327e-01,2.677981194584401758e-01,7.876350052939382063e-02,1.323499378202538934e-02,-2.531537171187448268e-03,-7.831198990503611401e-02,-5.091388661433795537e-01,-7.617149849525453598e-02,-5.417037935683144401e-01,2.601861708635216930e-02,1.033603611365311314e-01,-6.298004172939470902e-01,7.486973019309173250e-03,-5.991320663757192522e-01,-8.495751818797213639e-01,-3.798474729089101887e-01,-3.260810276309207278e-01,-1.248764278594329258e-01,-1.003022631447932356e-01,-5.047804609486074012e-01,-1.526613048368905268e-01,-6.123560825754241765e-01,7.633189993684141861e-02,3.232102842405792376e-01,5.203949558902213474e-02,8.516609263933800911e-01,1.041024937492798452e+00,6.404323233985060870e-01,7.762301634619652724e-01,7.118676557004527394e-01,6.526400684666417984e-01,6.004187778908733897e-01,5.010800939500401618e-01,8.257979629471732252e-01,8.481598477474447950e-01,5.145483500659117082e-01,1.392890078527591946e+00,1.036967707611706535e+00,6.528373030697689483e-01,1.164030217643551746e+00,6.902347284544951833e-01,6.814522274430128146e-01,8.002529531331022961e-01,3.624685363111692094e-01,5.525015222953283400e-01,5.781477557841616655e-01,7.596074217822685881e-01,6.452582158750055363e-01,1.157122228256777796e-01,5.009891947278152236e-01,4.257552661835077856e-01,2.613467756337704007e-01,-5.840147915811118029e-01,1.874693836749946052e-01,-5.992746276147551399e-01,-1.285126626882329703e-01,-3.454463481839795125e-02,-1.680986773883708374e-01,-5.312480746199349513e-01,-4.243579862384239121e-01,-9.462112318081733475e-01,-1.686241931758443724e-01,-2.774884294468227264e-01,-1.204588811279455607e-01,-2.956039980619226681e-01,3.235625207435227635e-02,-3.962598221403622611e-01,1.268687015368187287e-01,-5.423079843817084633e-01,-4.174227171964204341e-01,-2.616609005254038056e-01,5.767137136221236471e-01,-1.029469283857248341e-03,-1.110108191114042020e-01,5.571664835261351811e-01,5.641114571461427474e-01,1.418328431364979103e-01,7.515007468262266954e-01,8.044958358048691638e-01,1.315162031297983702e+00,5.367626439486071765e-01,3.082307744314383147e-01,1.160048320295024915e+00,2.380316486567631840e-01,1.128731138050404148e+00,9.410659948604759295e-01,7.101469277222787202e-01,1.352410411102593191e+00,5.385788164764652164e-01,9.297495664830576212e-01,1.269014446702299459e+00,4.776416726422716419e-01,6.337281725294608981e-01,5.449495394295332806e-01,-2.098102847472335664e-01,6.183831079521713292e-01,3.525070004860310080e-01,4.467192064734635260e-01,-1.545123737749195258e-01,2.366094057914042981e-01,5.106565970254083042e-02,-2.693040517986773352e-01,1.164416246992276138e-01,-1.368378013723272890e-01,-4.577205224567146846e-01,-1.352205433382273891e-02,-3.379956995616149595e-01,-2.812961332209990006e-01,-2.232891293425237067e-01,-6.083760468912959851e-01,2.263772981538225704e-02,-2.220277574726190195e-01,-2.723084648293059851e-01,-6.498377210480599242e-01,1.631290085489049690e-01,1.269890815941205897e-01,3.158994963944355971e-01,-1.058909855389252586e-01,3.668169732453308018e-02,8.450267552593425657e-01,3.112074085717719818e-01,3.776985593804171870e-01,1.715756640781974651e-01,8.658087996944331399e-01,8.003443102674144827e-01,6.451157469214902074e-01,7.375617652090208365e-01,3.550157568546863929e-01,7.074242220468375253e-01,1.041554118054802691e+00,8.934304384532121279e-01,1.304422756271719663e+00,3.072121580002565855e-01,7.753425762904352370e-01,6.939206061995402131e-01,6.070624453760208317e-01,1.105881530621556808e+00,7.858742718900519897e-01,7.581367458891328237e-01,8.244765662331544620e-01,4.672541723487683152e-01,6.672271561905573911e-01,6.103965201814256503e-01,3.041213949189720545e-01,6.842122751127068803e-01,-3.836356717773481417e-02,-3.045952969222634477e-01,-3.449226472351931694e-01,4.017386381663437533e-02,-2.190701648463798390e-02,4.196688594184044829e-02,-2.782905887903378561e-01,-6.448377625645378419e-01,-3.172770066061176286e-01,8.892544870119012401e-02,5.412732411459397763e-03,-6.442153882081813610e-01,4.954692010491434928e-02,-2.190106592645187089e-01,-2.118902716637980077e-01,-6.049135999640198325e-02,-4.218344964048535983e-01,5.656841232007517872e-01,-9.204119439358583454e-01,1.597910349036182898e-01,-6.490295593654690220e-01,1.883707517319173352e-01,2.577521422547295882e-01,3.511682952260131163e-01,3.951651205498589170e-01,5.725962014013887824e-01,5.719054948688383488e-01,3.020835718120987168e-01,1.080583847909223350e+00,7.872931634974380533e-01,8.170341553107440813e-01,2.571126149326764532e-01,9.903853452505739785e-02,9.662764994201369362e-01,9.468629750247385957e-01,7.927758068038455175e-01,8.133076358276536411e-01,9.841186832022447151e-01,1.216210407830874418e+00,6.671240176771382480e-01,9.070460008023227827e-01,8.347771519707805066e-01,5.878741690162909705e-01,2.949575237175798281e-01,7.682022689383032343e-01,1.310602341928042147e-01,-2.415961313826665569e-01,5.777922181910271071e-01,9.427712713571273495e-02,1.981409478508302235e-01,-2.197672291575636649e-01,-3.929489942171460193e-01,-1.780812440975976241e-01,2.955013437909664864e-02,-6.567386139389337629e-02,-4.588660297832436452e-01,-1.118377376796617778e-01,4.410344767243290498e-02,-7.363742334246023979e-01,-7.999303911329419536e-02,-5.844960917834419734e-01,-5.891031639656643115e-01,-2.543846313838978856e-01,-5.389071452284187602e-01,-4.668394054167434581e-01,-1.231502646291915415e-02,1.147824462205055684e-01,-3.487385410985504031e-01,-5.132050537442029992e-01,1.611962332360842298e-01,6.045594931338156286e-01,2.943034171236720287e-01,-3.155283823536143561e-01,9.538029889182935150e-01,6.713422536769070303e-01,1.062395922015879624e+00,4.123071268273864609e-01,5.770192137149748879e-01,5.961259134247520741e-01,8.929127822513609480e-01,9.844452566936340299e-01,1.103490092858648186e+00,1.441744818478922996e+00,5.966125384746938654e-01,1.066667544657252442e+00,8.851945634580683508e-01,5.778402885064647387e-01,1.114452416205866436e+00,8.815517665829120109e-01,5.163412169558920795e-01,7.104606932045572920e-01,5.964656727491014498e-01,3.938784472016729765e-01,1.283430615743849090e-01,1.795659589193465411e-01,2.371742321911597673e-01,2.197221097137270207e-01,4.569285624582143934e-01,9.973656196734596857e-02,3.875367765827880673e-01,-4.255188710344849357e-01,-2.376933327054115419e-01,-5.637995429771545108e-01,-3.693699675527876286e-02,-4.062982359556576717e-01,-3.577678641007038807e-01,-5.146099717210608215e-01,5.440022045037659626e-02,-2.267763113926518637e-02,-6.411554494661804160e-01,1.617673179940020134e-01,-6.642841854196410711e-01,-8.631505933872114511e-01,6.082026709703093337e-01,-6.962653231095196071e-01,-3.266028511862779649e-01,-7.046017244495831333e-01,-2.600225758306198287e-01,5.823098539952860087e-01,3.425207848408566846e-01,4.910163657632936052e-01,1.108358738232783747e+00,1.014902908930266356e+00,1.893800155470539703e-01,4.766272525613490241e-01,5.071964523172374228e-01,4.079952555461135444e-01,6.597227290615405026e-01,1.060248901153470813e+00,4.518281641877802124e-01,1.114149002320990345e+00,8.109227881089550172e-01,8.288036546782154845e-01,1.116173972248942103e+00,8.642118938730022348e-01,1.249934258579523672e+00,8.640374988276020574e-01,-2.631281274333568954e-02,7.377191751759808458e-01,9.010517436960758797e-01,8.702894821125662927e-01,5.440562947390364945e-01,8.755776425467268198e-02,-1.474736035807997503e-01,2.831805217554509424e-01,-2.132052242376548667e-01,6.118834170632434510e-01,4.513515060309579163e-01,1.499912097609164829e-01,-6.013653716929916460e-01,-4.594840131737482625e-01,1.456292808489101642e-01,-4.212941306841908595e-01,-3.871207000311012170e-01,-7.540001224698450466e-02,-5.228442795569229196e-01,-8.261240907104385744e-01,-7.624247867071578533e-01,-6.228206307886863247e-01,-9.268078094712137727e-01,-1.039058968930332671e+00,-7.322561394723638151e-02,-4.839499783330412641e-01,-4.701803748633204966e-02,4.240860267044689602e-02,3.345465493722852290e-01,8.222101921930331514e-01,3.131684611048723421e-01,9.467646642941607293e-02,1.420504996713843227e+00,7.954732420561545503e-01,5.654303584792004234e-01,7.310700898386548463e-01,1.204413481232045946e+00,1.082018267564039071e+00,9.355377769237194219e-01,6.015013562384139423e-01,1.092052057881503391e+00,6.493130846939618728e-01,6.019920779746250616e-01,7.539494956637997625e-01,5.932328524000444192e-01,1.109547681870199032e+00,1.191094840312367342e+00,8.578470670055871050e-01,1.127932675063292312e+00,5.378780338549454809e-01,6.138888449962113247e-01,3.558182289168432821e-01,6.864224540957166720e-01,1.088134155415451804e-01,1.990192210325528455e-01,4.804833883528173422e-01,2.142523503227309334e-01,2.469994891681920879e-01,-4.494314863095406620e-01,-3.730843092625629742e-01,3.612775318982963668e-03,4.247982118499271098e-01,-5.341861199829492923e-01,-6.353048814990037707e-01,4.457297547796501558e-03,-5.695428817841791114e-01,-4.817955372464710617e-03,-2.004423315360981950e-01,-4.465764742858254754e-01,-2.434989180979161005e-01,-7.237017622194469313e-01,3.115715827774961921e-02,-1.026935255871133934e-01,7.292949610985777209e-02,-1.909315856880033913e-03,-1.345221203904633789e-01,-2.188606412445689986e-02,5.119446520889121555e-01,4.119576589848017445e-01,-7.631091595281191964e-03,1.197853512952954169e+00,9.827220025943103066e-01,4.042241193703262625e-01,4.184530127514478060e-01,7.237823697467975492e-01,9.720360906572693693e-01,1.333059409184583544e+00,6.318124125503270516e-01,9.448070987424868061e-01,5.485408131035820478e-01,1.335454318569474719e+00,9.828062599766522744e-01,1.050852422766211713e+00,1.190912471100561421e+00,1.212664101531701011e+00,1.195903984390650265e+00,9.968072173963264948e-01,1.314667079887420709e+00,4.780624186086247507e-01,2.386428762271561310e-01,6.480133474071601007e-01,-2.439767830769234980e-02,9.515846627263080393e-02,6.948334655211909627e-01,2.732411367853669892e-01,1.775044547086288560e-01,-1.667421677727989882e-02,-4.087811760936929106e-01,-3.025998806144634123e-01,9.760990791925366894e-02,1.785548700979408543e-01,-2.930428448353072923e-01,-2.943564675869698721e-01,-1.696957300494775778e-01,3.380507099510863811e-01,1.161383248401631763e-02,6.257053649293367603e-02,-1.580909691628351599e-02,-1.000051752170860064e+00,-4.668725726636668294e-01,-3.441034568328706911e-01,1.956396380159321491e-01,3.065615630067617392e-01,1.184045958960556200e-01,3.014505414700385799e-02,4.422565586951219263e-01,-5.993771589125832522e-01,4.093145985693624755e-02,6.293603936330575133e-01,4.561318200398566947e-01,6.926025122877210727e-01,4.215195971613592829e-01,9.575780384457297512e-01,1.156573561474848688e+00,7.895823177912517643e-01,4.854391051677703905e-01,5.383712657242545330e-01,1.043195497709709318e+00,3.282092931893786925e-01,5.101145523388030956e-01,6.915843290183611991e-01,7.916489206712561399e-01,7.659202122948646219e-01,9.941792636752462275e-01,6.424664740805028362e-01,7.959450755644992270e-01,4.698177166800682203e-01,6.044225881986140525e-01,7.887996940449186756e-01,3.296341783578711215e-01,1.525918497193295142e-01,3.116862814577753271e-01,1.621156355757804590e-01,-4.277712590951867067e-01,7.169411714976206551e-02,-1.467497939797874906e-01,-8.940467291362390601e-01,-4.963362541699758435e-01,-4.061537033231658045e-01,-4.030664724108358188e-01,8.196308597295143272e-03,-2.221901693115324594e-02,-5.498815604656428491e-01,-2.817264007317331065e-01,-1.426412797095726048e-01,2.026701313922206760e-01,-5.511763259121631453e-01,1.638749102561753435e-01,-2.267932681916762783e-01,-5.297209324960252541e-01,3.531962154490672634e-02,6.041452568822403002e-02,7.040765811797051743e-01,2.620002628870778394e-01,2.769804481523979733e-02,4.748257703166924859e-02,2.221118916998329751e-01,5.044995802318814615e-01,5.811693608637937825e-01,8.779606175941809809e-01,6.682657177837143525e-01,7.660064086112146065e-01,1.411636435006744072e+00,1.146275019147690033e+00,9.643985442556818333e-01,1.245047323824612473e+00,5.079589060797652378e-01,9.222520011525154882e-01,8.662745074524906830e-01,6.147788706408334747e-01,9.150805921829944234e-01,9.392748503203539601e-01,7.440050151169548265e-01,1.074204600434913282e+00,7.828584007688678126e-01,6.659071888681088458e-01,4.014531641797985939e-01,5.418531046206470636e-01,6.167502255887387097e-01,5.643972905853422706e-01,-1.070920559464363930e-01,1.439921894745035957e-02,-4.562045546321350509e-01,-7.505168453352448754e-01,-3.231513005193739074e-01,-4.005836459446887043e-01,1.330140999806697644e-01,-6.862049319858098961e-01,-5.235539346706312713e-01,-5.500344494908246951e-01,4.030851653592132378e-02,-5.425634329479103179e-01,-2.691044525016830224e-01,-9.835869941565683616e-02,-6.299430805035786118e-01,-5.212119910955215207e-02,3.022796336314333976e-01,-6.783077626739467125e-02,-5.630914937268611808e-01,-2.589266235013739509e-02,5.553563499473670451e-01,5.981446968952948140e-01,-5.362398161519517092e-01,6.629541793555718820e-01,6.245715292160671783e-01,7.144792352583341222e-01,8.588048995313088962e-01,5.921491310873705505e-01,8.532895381725422723e-01,5.220471421301613457e-01,7.116047704524071094e-01,8.850079267922487114e-01,5.054310893816742478e-01,6.072203105963107639e-01,4.895545193117158411e-01,5.718192499828974595e-01,7.792636124371402628e-01,8.354880390949362967e-01,1.014435935645972009e+00,6.194050508275159572e-01,1.096972094819091970e+00,3.163156843527373252e-01,6.895616989381414541e-02,7.424757398440910983e-01,-3.051282853755906688e-01,9.278925055342279737e-03,5.663632202107212743e-01,4.398823915284131303e-01,4.914508693264788008e-02,3.205430304387335561e-01,8.316412459138883273e-02,-2.242637527472016168e-01,-2.852882328420815461e-01,-7.969098165380588128e-01,-1.293103151660803252e-01,-6.019042813542845038e-02,-3.925100899665373566e-01,-2.875149991535416727e-01,-2.025521543079418785e-01,-1.370121803708898300e-01,3.911463696400390710e-01,-1.926726044193444176e-03,7.555739239912961924e-02,-5.498871347733907955e-01,-1.802934281354772184e-01,-8.570519698919817908e-02,1.043291601755887560e-01,2.865878669830206893e-01,-7.176924561691293281e-02,9.212654701402358537e-01,3.236292094357924309e-01,7.260652977981156830e-01,5.893647437836394554e-01,6.327407272782595848e-01,1.074645429365701510e+00,6.754363283475900426e-01,1.078817906560984863e+00,1.244839885078435460e+00,1.199212402216185192e+00,1.056080320761052960e+00,1.299216716183711151e+00,1.036685723897245337e+00,8.368198781154787547e-01,1.584208300302165862e+00,9.151602458048950783e-01,1.230913031421677628e+00,1.205247216401124533e+00,1.356849022990114229e+00,7.479419660457403696e-01,2.224476714895833873e-01,1.102578214933442657e+00,8.818165902216692498e-01,6.240492838682367704e-01,-1.682332119578574259e-01,5.575449197056446815e-01,8.704600489193132784e-01,3.329492036572528346e-01,-2.618657265179927807e-01,6.395918215419351682e-01,6.113167769945058172e-01,1.081343873128331468e-01,3.501783003549023277e-01,-1.828176117786395327e-01,-3.694088614819023286e-01,-3.428086974132013576e-01,4.528907953440401424e-01,2.217622328583372937e-01,2.208142869971028155e-01,3.010527350680141101e-01,1.961795844700456315e-01,-3.109883157799202547e-01,-7.663345831800247310e-02,1.981406805497913926e-01,4.394468776673363664e-01,-4.067192412903242182e-02,-7.708489572419782720e-02,7.807574940068471303e-01,3.767596451099533006e-01,8.422538433928985491e-01,6.764017912836552959e-01,5.568919038397078802e-01,1.067851731415561778e+00,1.108452855995230912e+00,1.225856612084937014e+00,9.995657493667087223e-01,1.079413651158133591e+00,8.602101664941363968e-01,1.121449975086982631e+00,1.152901530446009515e+00,8.763907701879924961e-01,6.355673581495131508e-01,1.688242118890848964e+00,1.788914519827207172e+00,1.169613873163509510e+00,8.754850730598480180e-01,1.210494716941052928e+00,8.278827308184775191e-01,1.318568717487721420e+00,4.064830839327801537e-01,8.691022163652578625e-01,4.272747535981399336e-01,8.319376775194353701e-01,7.020235683493583068e-01,4.437803635533612012e-01,2.537899647570467931e-01,5.210454195213432005e-01,6.923071587245341885e-01,1.090131837812080562e-01,-2.410148243033340687e-01,-3.450224719238236815e-01,1.668757143551074518e-01,3.627940605753705028e-01,-4.062118943922036207e-01,1.844874202407009722e-02,3.605601657435095753e-01,-2.861986701859078885e-01,2.336446155623902454e-01,3.641051173529746832e-01,2.306709945634116687e-02,3.885534532948353714e-02,5.884978706204441190e-01,4.989628085199969698e-01,4.913366770846298026e-01,1.819268580065246943e-01,1.062046068965516676e+00,1.015167649125416460e+00,8.860318221444640763e-01,6.038375853661833714e-01,1.450413583043379084e+00,1.263596259443193537e+00,1.397795450099152514e+00,1.274217552110419538e+00,1.589807835905423516e+00,1.766938270351887219e+00,9.536446558048184974e-01,1.296811414534293050e+00,1.486734046036379375e+00,1.670932836018770962e+00,1.691173011397411052e+00,1.650326855406715421e+00,1.793376046505422705e+00,1.539553241340255507e+00,1.362229736161409743e+00,1.603854754393855497e+00,1.010289306353049810e+00,9.525645131672224597e-01,1.468747629039050207e+00,1.111311322538303781e+00,6.653186457677089383e-01,7.003592694243816474e-01,1.027027103059366508e+00,1.189177235010735911e+00,-6.533775813682220907e-03,3.161030798161890698e-01,5.801494198992177553e-01,8.963954851917943500e-01,4.069032194265968516e-01,5.937326444780282042e-01,2.792126036692883506e-01,3.554403718528207357e-01,1.262401329781702164e-01,2.130483165111640709e-01,2.955285793870862654e-01,4.211657386488765198e-01,4.786539839188370116e-01,5.881923116144496255e-01,-2.051706918416758285e-01,5.203628416543006896e-01,5.700055590707890918e-01,4.244772307989099769e-01,5.864740488534264662e-01,7.169834503233553091e-01,5.366079403761429001e-01,8.906562073380838163e-01,1.315449854451964828e+00,9.047520513411295706e-01,1.512720578575542429e+00,1.084861339556792537e+00,1.106687722975018273e+00,1.439939263055717289e+00,1.687062720677939609e+00,1.596555218858156433e+00,1.735378591844291218e+00,1.471894461659089215e+00,1.745545458351036583e+00,1.643016132974255417e+00,1.445599065649551651e+00,1.485539004894969928e+00,1.673080864823399683e+00,1.801023572019435193e+00,1.517763639831082756e+00,1.804233773853818779e+00,1.340057339462869201e+00,8.681986245031962923e-01,1.253694592704283739e+00,8.229867747300755321e-01,1.425657547986469043e+00,1.029149580297520572e+00,9.659336425068176801e-01,8.173260003632196735e-01,5.695338660245993223e-01,8.002018738456668778e-01,6.099578970233775488e-01,9.701104896385839282e-01,1.072084795004621949e-01,3.336424302814094967e-01,6.490626791943208129e-01,4.135956066404563591e-01,4.970666871410544529e-01,2.196215939167454612e-01,4.585722291476410639e-01,6.345553155949250623e-01,5.047241017939982921e-01,7.800962318324257128e-01,1.286731099524524025e-01,-3.637719280575713032e-02,6.218511258707108968e-01,1.276269085980498152e-01,6.136024965979434143e-01,2.066812395505382982e-01,1.048600513479461149e+00,9.855145716246388465e-01,1.153205279842698605e+00,1.218405554576421856e+00,1.542358296786872529e+00,1.464562910198134116e+00,1.571767971200154435e+00,1.275462515537709063e+00,1.607408253251905172e+00,1.631675366086390300e+00,1.702913942754618271e+00,1.943567096728152421e+00,1.480970281464582872e+00,1.827213502926937627e+00,1.733983854726369067e+00,1.865278276249565437e+00,1.624874334024117850e+00,1.695139468000772753e+00,1.462716831283518149e+00,1.784015374555516065e+00,1.438974550272170472e+00,1.396745562565782306e+00,1.411398401894826016e+00,1.385939780959897893e+00,1.319392999155270196e+00,1.276884026198103594e+00,1.157992338735826854e+00,1.119799888246715280e+00,9.447497909279545247e-01,7.578969381274360817e-01,1.004262737727372734e+00,1.109409077733527260e+00,6.475001878455695081e-01,7.939448469446411805e-01,7.853321361233640552e-01,8.068953642447369567e-01,8.454192898428443126e-01,3.860157967023242209e-01,6.403779088922082474e-01,6.334235959045462216e-01,3.032732546077625546e-01,6.076841468816071012e-01,6.954444383421181097e-01,3.971683739600073704e-01,7.897528695901745444e-01,7.963137830570498066e-01,7.184364314137419161e-01,8.566362149496945522e-01,1.036562117045587650e+00,1.132332387975837129e+00,1.257832350883718142e+00,1.384360633173135291e+00,1.650423151052786253e+00,1.694487896684680805e+00,1.766012142089534720e+00,1.498972110729025031e+00,1.633616600041157163e+00,1.982212168261830998e+00,1.694365710169364769e+00,1.756573135750129078e+00,1.695189926635188638e+00,1.854608016462096387e+00,1.934343477219313989e+00,1.546581951455636039e+00,1.882496372583091215e+00,1.817858545675209214e+00,1.795785893969012559e+00,1.754168394293093236e+00,1.700112175433512451e+00,1.465706764481637503e+00,1.425300550745013162e+00,1.481301531793721038e+00,1.323222344907851067e+00,1.339638535360880622e+00,1.152286794546243387e+00,1.425309919415306270e+00,7.920831730225870171e-01,9.599011521359700483e-01,1.039702352300917898e+00,1.005186101247012020e+00,8.561863267462800353e-01,6.559539872096042945e-01,6.148012331674999054e-01,8.430624413461338396e-01,5.177341698685606897e-01,3.808398038549649645e-01,5.297483231002256820e-01,7.437847041901476386e-01,7.533817142967573766e-01,7.137451098544465022e-01,3.833344081642763856e-01,4.275344066290938105e-01,9.320278124202767689e-01,9.205286567714420221e-01,7.069341701026692348e-01,1.161427832515111724e+00,7.544522149260606270e-01,9.624532306739878029e-01,7.790303728580596498e-01,8.252694438500275398e-01,1.197194013597103535e+00,1.266135248680502423e+00,1.682482641087927000e+00,1.550876137561465917e+00,1.492099608235994079e+00,1.404920573337954615e+00,1.509350489125969919e+00,1.327775419282712255e+00,1.427435142556204850e+00,1.534111663693905836e+00,1.290871503038504731e+00,1.298546321239154588e+00,1.488215017879555457e+00,1.543896795778765263e+00,1.463841956504354336e+00,1.517131696823210696e+00,1.231641693805166637e+00,1.326327397951199805e+00,1.260597345694119520e+00,1.236372846288607663e+00,9.828781768939670593e-01,1.104892404914856519e+00,1.095855183980747549e+00,9.868411378528908484e-01,6.058711023507658000e-01,3.951336502680715679e-01,5.369933821451198241e-01,7.536854654827344069e-01,3.457216227329856784e-01,4.224565705901142110e-01,3.432440417976135860e-01,3.817303898392487849e-02,6.398169165773881506e-02,1.298382938810205278e-02,-2.135444048432610931e-01,2.785977658081939534e-02,-1.838393563954466847e-01,3.825668916348190507e-02,-1.079482326895331301e-02,-1.243362643020959890e-01,1.661619473250927070e-01,4.101890264910676986e-01,-4.286333080131521367e-02,1.695867129706734033e-01,7.020959912172851647e-01,6.871623346282580425e-01,5.016232968719691598e-01,6.913066535238991950e-01
-2.838507194491766972e-02,1.602614295454805327e-01,3.678537445198484584e-04,2.492542968891176425e-03,4.982347923560397074e-02,-2.167123315827865215e-01,6.993237724671690081e-02,-8.144410655272028843e-02,-3.693288216973392157e-01,-5.942128869859197859e-01,-2.734845801776694674e-01,-2.768735764233778429e-01,-7.091401303365666431e-01,-4.393804486201385306e-01,-5.570806113050019714e-01,-6.870957596782341081e-01,-9.222368238759020009e-01,-7.686368322909421513e-01,2.913434757817883192e-01,-7.613117671251901086e-01,5.168348126956993221e-02,6.679108032255414162e-01,-3.059994179612271492e-02,-2.239625430492335756e-01,-7.455850945144734121e-01,-8.755077203261956154e-01,4.172826998622465866e-01,-7.661309916939723630e-01,-8.909682467775599246e-01,-6.234059260306212824e-01,9.550508136043847074e-01,-9.936373207729095602e-01,-6.432341171898318111e-01,-1.313264537229250351e-01,-4.801102872756193851e-01,7.466981284649905348e-02,-8.689313097979570744e-01,-9.737370862155692031e-01,-9.949283934520136707e-01,-9.922285833846156144e-01,6.043273389266611006e-02,-2.702649639480296240e-01,-2.083298512762520385e-02,-1.982003922159795428e-01,-8.066383757446106417e-02,1.752800686574111297e-02,-2.403366939040243230e-03,-8.211286449518592767e-02,3.128875606934535675e-02,-5.424659332759458608e-02,-8.632211745210669959e-03,-1.321647885720272919e-01,-1.832030567056848469e-01,-3.844832464019533325e-02,-1.625927772458091169e-01,-3.148411636474419684e-01,-3.323396363568190681e-01,-2.182791210294742767e-01,-1.236716184426667059e-01,1.633068850396159066e-01,-5.942212524691108388e-01,-9.345638605015308409e-01,-5.635275934450252322e-01,-7.708894483863681923e-01,-9.806124463303608207e-01,3.878550919268052288e-01,3.469997594112561035e-01,5.419775345076423001e-01,8.301648040317423094e-01,3.955277821969246932e-02,1.231084821475484370e-01,9.582008136222761041e-02,5.339335402978158118e-01,-8.646283971513925026e-01,8.698021361431109710e-01,-9.976423534709830676e-01,6.815813295175421338e-01,5.518551144846403078e-01,1.211365141937550127e-01,6.683108807818052277e-01,9.304055245401638974e-01,-5.266312569288145173e-01,-1.452346458526730666e-01,-3.646439366227947204e-02,-7.752101543943563655e-01,-9.756257647880977046e-01,-8.742541285864624534e-01,-5.413883680146620581e-01,-2.463186213210827591e-01,2.223917851580879332e-02,3.479424726074792362e-02,-1.597808810854967065e-01,9.053678241687550948e-03,2.804450931702413136e-02,2.112105423331781320e-02,-2.380127746180303594e-01,-1.957873989042120122e-01,-6.526148507306905877e-02,-1.719356325517872042e-01,-8.104633516039558283e-02,-2.810189088688768919e-02,-1.398204615831036557e-01,-1.184413897641110047e-01,-2.138540494064796460e-01,-2.547995743933414992e-02,-7.609136350703922524e-02,-7.955826700776401361e-02,-2.612968049942506754e-01,-2.391276391112322486e-01,-7.177604056655525477e-01,-9.138162640555739236e-01,-4.474975709160660675e-01,-4.285887084553646198e-01,-9.959051666537206415e-01,-5.610609749267773116e-01,4.773029402312763958e-01,7.261069734054778069e-01,-9.016116488311778365e-01,-9.887998859006511543e-01,-9.658660183047037551e-01,-5.729039468244733202e-01,5.964296940708804229e-01,-9.897155545291660417e-01,4.834517023290634263e-01,-8.624681998652184989e-01,7.528226741704299174e-01,-5.793976783975181011e-01,-8.921099227270968823e-01,-5.183181703119275063e-01,-6.688474620092087486e-01,-8.444872225901726148e-01,-8.146058943408650554e-01,-7.121126533581060292e-01,-5.557014395382932070e-01,-9.987614204743172630e-01,-3.281597583763173342e-01,-2.920040739086353712e-02,-1.040950250851560982e-01,-5.804767538733243692e-02,-1.628519316687684071e-01,-1.101408848784929118e-01,-1.073760029203222610e-01,-1.578355648070786932e-01,-3.171106009142092563e-02,-4.526224969468226056e-02,-1.399507051678161307e-01,1.186473029828669923e-01,3.771777770066625513e-02,-1.158783701740781491e-01,8.393921907040513553e-02,-8.955729074491231012e-02,-8.709823319191126179e-02,-5.981958512333504507e-02,-5.127555316941574404e-01,-4.088466977419804582e-01,-2.097133453092524247e-01,-2.457636337869127663e-01,-2.828195118636641081e-01,-5.119031905923981940e-01,-4.497769177224992809e-01,-9.998819196008913446e-01,-9.853086476250828563e-01,-5.825701581085769298e-01,-6.091254842520437141e-01,-9.945691495553933281e-01,-4.004374280843363554e-01,7.207374827184089838e-01,-5.362870662424057411e-01,9.998265942742192713e-01,-9.384190330756879694e-01,1.628907207414330149e-01,5.435603061374114642e-01,-9.794409284635489099e-01,-6.221857358668045901e-01,8.130827867293604072e-01,9.129521595391372202e-01,9.886997325232296241e-01,4.013871874234241077e-01,-6.866842902130455562e-01,8.644189446307740665e-01,-8.029040849557133042e-01,-8.482573983624294156e-01,-8.365089682253774583e-01,-6.350975797019080549e-01,-2.000674457635289449e-01,-1.378182227649608627e-01,-3.017526475743730341e-01,-1.513628328818213686e-01,-8.642200943356471987e-02,1.338595389432168936e-01,-1.387918914742035381e-01,-2.106614906600682013e-01,7.887350712174727441e-02,-2.467856682761845055e-01,7.023941086639763631e-02,-1.563433088513550492e-02,-7.128641781432687452e-02,1.527773441965833978e-01,-1.320076916301240466e-01,-1.610616114999979115e-02,1.098867580519000964e-01,-1.750401700505512803e-01,-1.149510635527692115e-01,-2.656339492172180572e-01,-7.021715729593563937e-01,-2.421251930691416532e-01,-5.442181812259822005e-01,-4.268481297256540574e-01,-5.683654741100220287e-01,-9.524964391597524616e-01,-8.994320489155512854e-01,1.946188494666121482e-01,-2.583217830652446700e-01,2.171568460076890583e-01,-9.358801917733008402e-01,7.450410789445005566e-01,-9.449176017278535511e-01,1.162813426730239519e-01,9.099689468557626837e-01,-3.725714042851367980e-01,9.163002276820086944e-01,6.997554527054858919e-01,-9.088334143777166974e-01,8.434351851134214151e-02,-1.673882782939284386e-01,-6.890082898870673878e-02,-9.125181256278034336e-01,9.386935313084050492e-01,-6.362168324207273518e-01,-5.262038161831789074e-01,-5.456450561804985222e-01,-9.745119039094487512e-01,-3.354993910809683233e-01,-4.737421840808553331e-02,-6.943105974368717070e-02,-1.452058867664633435e-01,-9.573979922807354659e-02,-1.945528933392391413e-01,-7.225420549767525014e-02,2.547282895928917185e-02,-9.410140207028563561e-03,8.887531214348788622e-02,-2.265003481766036386e-01,-5.822808751717878373e-02,-7.510371684966761496e-02,-1.041904203713173716e-01,4.639736909536371773e-02,-4.550512450936718134e-02,-7.285262164115451078e-02,-3.915253396479663472e-02,-2.074886545563162377e-01,-1.017649625977317951e-01,-3.099230172388922622e-01,-6.856604236343597503e-01,-4.575039250582306760e-01,-6.943911867706755725e-01,-6.707571681928641283e-01,-7.845322525309134098e-01,-9.681788445149348554e-01,-9.900042252576291002e-01,2.299815077020209986e-01,-9.621778769912889828e-01,5.754299574857579813e-01,2.641829193964718159e-01,9.976605955290184236e-01,-9.853068376424569674e-01,1.397884783351818760e-01,2.755302188888351655e-01,4.916439720808737368e-01,7.092720137486631105e-01,2.438950941119509552e-01,4.635007348757724244e-01,-8.001097292355972002e-01,4.140195302774082875e-01,-9.613739833717693806e-01,-7.090483534399485976e-02,-9.367365337097872668e-01,-9.093755659577316131e-01,-4.428754442586461115e-01,-5.681755583296099754e-01,-1.581145906383984168e-01,-2.566217000106227331e-01,-2.916912852491194696e-01,5.230984168352060398e-02,-4.728652240131282075e-02,-3.495939660510692659e-02,-2.371435869350510262e-01,-2.957164721294441856e-01,1.561633780754157104e-02,9.597527277652999345e-03,-8.479163754547600074e-02,-4.101972640497114631e-02,-1.101851252131231564e-02,1.002612705130052906e-01,-9.546517225333918388e-02,-1.151485042529355567e-02,-1.111592840990370951e-01,-1.722482809860674535e-01,-3.054433286021215888e-01,-1.018005951548596882e-01,-4.294864617723022082e-01,-8.401695806944233791e-01,-5.269488412355790574e-01,-5.405946399804191227e-01,-9.441310854815815334e-01,-3.394360960247723713e-01,-3.950005662431042563e-01,-9.815730296161671031e-01,4.775035302205286186e-02,8.092408549362590797e-01,-9.787463931886039026e-01,9.888004620941774903e-01,-1.186814822658669583e-01,-8.442317333807782820e-01,2.313994368741944807e-01,-3.200059620999613275e-04,-6.740778427853353350e-01,-4.446438580505881477e-01,9.364314548315230136e-01,3.662272268243428885e-01,3.815870290258628339e-01,-6.966967780434630830e-01,2.994163121581109310e-01,-4.513704840721757816e-01,-7.890830368237191639e-01,-5.709327064176844546e-01,-9.986806094162350433e-01,-8.843369757172310219e-01,-5.965551864414947447e-02,-8.834894742292476177e-02,-1.305841990420852743e-02,-2.510134543563901088e-01,-1.149330674951736103e-01,-1.079228397458059374e-01,-5.779545505016667889e-02,2.135503411932821588e-02,6.272053686369791214e-02,1.739818195115347965e-01,-1.086305574920651829e-01,4.042818951827851365e-02,-1.231189663614562328e-02,-1.301830752476276776e-01,5.077528894864705850e-02,-2.847232110439258668e-02,-1.611057104698015996e-01,-1.444372020129103817e-01,-2.007200870897030975e-01,-2.744671295665722099e-01,-4.292058779791259604e-01,-7.500742992830690126e-01,-8.185669865723979033e-01,-5.121432768045071082e-01,-4.072262232004053017e-01,-7.482434808800816350e-01,-8.875837667357665550e-01,9.695625682194143335e-01,-7.726547566413727308e-01,-8.524232229841832709e-01,-5.859289235699651766e-01,7.605539034749000393e-01,-2.384886450560041726e-01,8.908331046517906637e-01,2.532832059024260965e-02,9.733130768302016289e-01,-1.208495296684447828e-01,-8.497382260491044281e-01,5.392835197491729904e-01,2.529648194121904003e-01,-9.026720316252535570e-01,8.960381525413596560e-01,9.679305474838797441e-01,8.430361725656079219e-01,-9.456636874956656502e-01,-6.887215432883249111e-01,-8.930224075699495501e-01,-4.863917787283249528e-01,4.494841809747245759e-02,8.239488123372292958e-03,-2.717052312784443702e-01,-2.338521943631254318e-01,-1.427139956946433252e-01,-1.737935983479688973e-01,-8.901358823657790076e-02,2.651320639396880993e-02,-1.768351064985416166e-01,6.627017375816948719e-02,-3.582881050234811710e-02,-3.148708480194328807e-02,6.343965765062556383e-02,-3.961036622120803208e-02,1.141518043960357970e-01,-3.318998668526509932e-02,-5.282662407277926020e-01,-7.156991800485061617e-02,-1.098931018630742024e-01,-2.256869427057206154e-02,-8.718769049755318301e-01,-7.386749270852814853e-01,-6.874281967178743624e-01,-4.393836239718940662e-01,7.315002215630861393e-01,-4.469995298745448875e-01,-4.613543101729775664e-01,-1.782323873307991181e-03,-7.369386488884821507e-01,9.101117463968152466e-01,-1.075275626533875872e-01,1.798153018829429239e-01,-9.999774074208752639e-01,2.150479093366514660e-01,-4.054988440356067647e-01,9.251884890171496734e-01,5.266871918638849071e-01,4.305425235960310681e-01,6.793126996986851296e-01,-6.725657466525298764e-03,9.081763600901719968e-01,-3.031949945279669989e-01,-5.958816137681781644e-01,7.459613254197253740e-01,-8.993898987203847728e-01,-4.043072914302862642e-01,-5.391121294624428018e-01,-6.430497746321767183e-01,1.725924387214444744e-01,-8.002977125827316629e-02,-2.567890433239505277e-01,-1.434860643935556845e-01,9.649657557845944811e-02,5.410225635704469377e-02,-1.853969237400956635e-02,-1.065504300912840097e-01,5.544670041783399811e-02,-9.237913573731233730e-02,-2.331286695263139197e-01,-9.146936787129039681e-02,-1.113400633202828588e-01,5.277649880441305508e-02,6.953715876540492169e-02,-3.217817753502105749e-02,-1.629651540694914968e-01,-1.911999927426887569e-01,-1.116566094059290026e-01,-1.928964329403724809e-01,-4.326219438143104612e-01,-8.960238460258264093e-01,-4.975010133168748516e-01,-5.598412126664731314e-01,-8.689345595082160756e-01,-9.852277279081890216e-01,-8.331447458227165814e-01,3.925203083954023064e-01,-8.584303978305153349e-01,7.171219840559757142e-01,6.803238009647643025e-01,6.358844957368886552e-01,9.025675614367870692e-01,9.939729593534325502e-01,-9.830886469140357464e-01,4.484542848292191186e-01,-9.938638575330718261e-01,-9.940442070301223065e-01,2.575672541844243879e-01,-6.149439668094556222e-01,-9.789903291473094349e-01,-4.194991951589600587e-01,5.571386552592240138e-01,-1.872818193120414088e-01,-9.818305565939334789e-01,-6.416479232535819976e-01,-8.614671414076372491e-01,-8.292866754366714499e-01,7.979738559063062620e-02,1.512639739201319077e-02,-3.796372425817834406e-01,-2.457622794344686556e-01,-1.035925165616247701e-01,8.918070873371642532e-03,1.458804365037952300e-01,-1.226810647571276586e-01,4.650354644327686464e-03,-1.248480042461734968e-01,1.345057252172788265e-01,7.300104792235806439e-03,4.032034828924862396e-02,7.036272539305016283e-02,9.966602834865591343e-02,7.431747987974368641e-02,-1.354245466250405573e-02,7.610971616962024233e-02,-1.790192840574089950e-01,-3.842566461243225318e-01,-4.952662757112541447e-01,-6.299416209936995470e-01,-5.697496275330138360e-01,-4.708246193317400241e-01,9.905666363576258737e-01,-3.824901968133032626e-01,-1.096204371489586382e-01,2.162243502609189627e-01,9.283062078065459355e-01,-2.205409081947468652e-01,5.249245965813711390e-01,4.830861161910144919e-01,9.964444029346325449e-01,6.961460525697263924e-01,-1.205989362986389785e-01,7.129453314019797983e-01,-8.895275403795236402e-01,8.528189335351905598e-01,-1.081297705892461797e-01,9.081440552083330786e-01,-5.317934155441238486e-01,-6.421419884054566651e-01,-9.699080721237672842e-01,6.490493068197260573e-01,-9.300432097385333829e-01,-8.681378949436259207e-01,-9.512892946696246410e-01,-6.592686840560958439e-01,-9.758782444604677253e-02,-3.663158865350925608e-01,-1.092312395754212184e-01,-1.689651425661752859e-01,1.321783067829465814e-02,4.438560929418334383e-02,-6.568108253386222006e-02,-1.549140430542239599e-01,-1.277890908231187894e-01,3.887580497037931154e-02,-2.089049447564285678e-01,-1.452488823917224003e-01,-8.067788566238875969e-02,-4.235456449492056019e-02,-5.077833519355499925e-02,1.523180419043107005e-02,-2.318947296536878755e-01,-1.126181524150932367e-01,-2.088498765232631449e-01,-2.770817939908136740e-01,-3.750605529130058846e-01,-3.515314898902234253e-01,-7.085059291648250213e-01,-9.308466304626084042e-01,-4.781590635315046134e-01,-3.308451948472327930e-01,-9.260590447020250471e-01,-6.678363789572322982e-03,9.983160438566319739e-01,7.327215578392440865e-01,8.764345412416456593e-01,2.229441947699710713e-01,-9.991872011466284009e-01,-9.998239174683105635e-01,-5.911940020876985807e-02,7.512368592129570199e-01,1.446235655359892347e-01,-9.665442805674987481e-01,2.566310816132195138e-01,9.660659233517348010e-01,-5.547477753379331800e-01,9.875878643495522580e-01,5.291735992856082538e-01,-3.733672053980678918e-01,-6.224812694213937014e-01,-5.236573378189797179e-01,-8.335119601819103163e-01,-8.072207173859988760e-01,-2.883589202650707617e-01,-1.490400703926104131e-01,-1.633187631974238607e-01,-1.581795160844193249e-02,-8.933307954976626997e-02,-5.234986086056076654e-02,1.748604511604557599e-01,7.272829484396119148e-02,-1.103452082415591895e-01,9.762052794108336262e-02,-1.383432114506092103e-01,1.069284874228749061e-03,-2.828609532701074208e-02,-1.413126925619709040e-01,-4.746956050484579283e-03,3.395135191017332240e-03,-6.561213139896573954e-02,-2.938359369287771999e-02,-1.706498117126192537e-01,-1.644574727246636281e-01,-5.316029988375883253e-01,-3.978227903731365034e-01,-5.989343496546921664e-01,-6.512936723097174641e-01,-9.900971370458915288e-01,-9.489973844659339575e-01,5.316462095532066279e-01,6.413656540662963090e-01,1.836297620456388280e-01,-4.705047946598935327e-01,-9.276515130129121822e-02,9.414916018830634670e-01,8.199517889125480519e-01,7.438286670890826950e-03,3.283167376101150947e-02,8.245360487988138143e-01,8.449188255743437237e-01,7.679188953522313454e-01,-9.966562620781326265e-01,6.855498545213014605e-01,-9.496812236618331626e-01,9.809980297725606757e-01,-9.983782426970784218e-01,-2.128267419186564424e-01,-7.088875691707908766e-01,-3.813707797757170948e-01,-9.997296311232914956e-01,-9.505599028766440473e-01,-1.064552361497248939e-01,-1.031551317749110352e-01,-2.361559352609339177e-02,-1.936378298168693057e-01,-3.207102980512398921e-02,-1.362593624914039681e-01,-6.929055838309450266e-02,-1.130995391625010810e-02,-1.493604490208380597e-01,-1.104846067468009951e-01,-1.501557224545546076e-01,-1.229786307657998318e-01,-4.787875784625496983e-02,-2.779991599896049909e-02,2.865897049158973309e-02,-1.466524832396736422e-01,1.680834347635122572e-02,-2.364759165596410362e-01,-3.528288992444603145e-01,-1.204192823077459562e-01,-9.243312782531293292e-01,-9.083951120551455594e-01,-4.314753667106820401e-01,-3.455940721038762709e-01,-9.896295624398008250e-01,8.378594020982342849e-01,9.682674520914271721e-01,5.522276001590218364e-01,-3.486225451006703252e-02,9.797029360588958014e-01,-5.899343991955776634e-01,5.037560323281905506e-01,5.768208987130842846e-01,5.405643126583723479e-01,9.093557369052681638e-01,2.862759414751215314e-01,-3.810800178294162892e-03,-7.376628241129916663e-01,-9.940951641543308570e-01,9.706957987478560534e-01,-8.175187291193937167e-01,-9.996392156561638709e-01,-2.820822149916381305e-02,2.286780423065153112e-01,-9.425308900932559686e-01,-2.199309045630496243e-02,-8.572890941449136104e-01,-1.062146094358527026e-01,1.780414247785095661e-01,3.562723962776830344e-01,3.690751288920506856e-01,4.126277797192783869e-01,5.470659373407453785e-01,6.055347387484156796e-01,6.000067408165122851e-01,5.722018818684592167e-01,6.388791910127564755e-01,5.573991212024572706e-01,5.346485722189067147e-01,7.531054207949035018e-01,5.722288098967521774e-01,6.672535382999342790e-01,6.775409387482068668e-01,7.274340426116929770e-01,5.164373000966033800e-01,4.069017195723044766e-01,6.536812691196883796e-01,6.211431354675513994e-01,2.700580395524006527e-01,-4.517897825062269779e-01,3.231907519309610843e-01,4.977989338530093288e-01,7.122026515215484910e-02,-9.830517899817809990e-01,-8.454434297814261701e-01,-9.992135918266787931e-01,7.796256588827001899e-01,-8.873350654101574975e-01,-7.154437047736331712e-01,-9.360362702593525430e-01,-6.384270387736033781e-02,7.037665952055416341e-02,8.159941502816495662e-01,9.752920562350325673e-01,-2.727664973625918976e-01,-9.254672242263609627e-01,-9.265448549250793198e-01,4.986733142856168977e-01,1.444822644856886273e-01,-8.775250059457081475e-01,4.349360061003246791e-01,6.809092073261332478e-01,5.675459166042911008e-01,5.681293669391673795e-02,6.315347930653568698e-01,7.057544045551162881e-01,8.408823132278903101e-01,9.251916058129471265e-01,9.428208168673487544e-01,9.542998207282937795e-01,9.446313829460999401e-01,9.565572278409578688e-01,9.322183419066549792e-01,9.649723061754748032e-01,9.712403877047678380e-01,9.439925490110859796e-01,9.090460270491302897e-01,9.998667832142522638e-01,9.997760983581384098e-01,9.832660447464258713e-01,9.652234264866320634e-01,9.885237308063921091e-01,8.236638934603639495e-01,9.967912824422727747e-01,8.882836763976048600e-01,9.675620218728288036e-01,5.445281705114966009e-01,8.492160321728776662e-01,8.416999988140086986e-01,3.488690309258828948e-01,-4.788430311857492239e-01,-9.908549444176334431e-01,-9.868555512161067966e-01,-3.065654272883280296e-01,9.417830074484689895e-01,-9.890997417091782484e-01,6.587416411053717002e-01,-9.900046571896633507e-01,9.905189522166091276e-01,6.083051344209096101e-01,-1.841350939545492726e-01,-7.850597893028763430e-01,-1.353151459904913534e-01,-8.182843046806167475e-01,-9.379671045765555215e-01,2.635380121219817462e-01,-4.611598017451820630e-01,-8.905396579802510315e-01,5.067251346055652306e-01,-3.488181263576757285e-01,9.248422075560990274e-01,8.669339098097428309e-01,9.237794539752285372e-01,8.742975996410475847e-01,9.117149657854045630e-01,9.292251469635455230e-01,9.067287620903794476e-01,9.325965521300233485e-01,8.398881907467861119e-01,7.963068583487059593e-01,9.417135480849766482e-01,8.914365250074285374e-01,8.450838626306393930e-01,8.123405262875373900e-01,7.974016527586029746e-01,7.828861587313207249e-01,7.298833002434481632e-01,7.939491736812425149e-01,8.327937950725496918e-01,7.758263349668638176e-01,8.934412467815622261e-01,9.230500614080542343e-01,8.158865071398351265e-01,9.031318079909710361e-01,9.971110901771547130e-01,9.753862800773824837e-01,9.996155056702639152e-01,9.440803752456053966e-01,-6.077520843785085836e-01,-9.072053826702818347e-01,-6.472023801358768313e-01,-9.372391287881500777e-01,-6.520626725900693366e-01,-9.406125400581455409e-01,9.366328285980927149e-01,-2.586192575742958799e-01,-9.909314835822817802e-01,-2.337584954024805595e-01,2.493493335519990362e-01,-5.205003378390061775e-01,-7.455495898778186081e-01,-6.605027066741729902e-01,-9.690951730450239610e-02,-1.283980623537895882e-01,-4.731121060383307597e-01,-8.166589882140853351e-01,-2.251564333534997742e-01,-9.296698019846931782e-01,9.017492583921012939e-01,9.873404175595515975e-01,6.736045518309470292e-01,8.183837687679862416e-01,3.976000288640277325e-01,6.256770390891488454e-01,5.277989952314569022e-01,4.418401725215923004e-01,1.969091818096345980e-01,3.033695704945522653e-01,1.856430485273051212e-01,3.454030407700835470e-01,2.188441180666635399e-01,2.403376050068895542e-01,3.315001069774891063e-01,3.251728273801503533e-01,2.107501958710689960e-01,9.665421157777585870e-02,2.518125417854761294e-01,1.183257950970459382e-01,3.577637495644860333e-01,5.054945939827214518e-01,3.907629812730523677e-01,5.916278778639100233e-01,2.967782600393468195e-01,9.354360645557432408e-01,5.999090836400123861e-01,7.551897993416254451e-01,5.580855261665562672e-01,6.192256550368466783e-01,8.875547482407443178e-01,6.546498907894132691e-01,8.263185755788293729e-01,7.356001972200654215e-01,8.336006226181862100e-02,-9.850162110394875548e-01,-3.619578776371277784e-01,-9.728704227469543442e-01,-9.310548743207547329e-01,7.910526535357620403e-01,-4.659989782959964022e-01,4.001080593487706949e-01,-9.795514784189526258e-01,-9.762231416721303123e-01,-4.887553803440431999e-01,9.248716166653550563e-02,2.134809358045715033e-01,-8.402694964065423600e-01,9.738326976489077857e-01,6.651989340793321714e-01,5.677808204112679835e-01,3.807004369147400924e-01,-3.645642242355723872e-01,-2.361164510974985142e-01,-3.150511060031022104e-01,-7.711142113456861957e-02,-3.550876969923012494e-01,-4.167236563427769713e-01,-3.972866340945207519e-01,-5.359653144243757827e-01,-3.311477445606288428e-01,-5.354953623436846666e-01,-5.112187544063950817e-01,-6.142244445535833819e-01,-4.440948910376461556e-01,-5.092740782058241544e-01,-3.970858732602047803e-01,-5.233272217456002018e-01,-3.916324843087262697e-01,-3.670888411345908375e-01,-3.871515541452830167e-01,-2.933896509453586821e-01,-1.557183115410603613e-01,-3.278498148529113143e-02,-2.130051328034181235e-01,5.836699484756627809e-01,7.846638745953672389e-01,9.857889925530058939e-01,9.095205535910734218e-01,4.694756668223114549e-01,-8.784761934380914683e-01,-8.035647984808003130e-01,-8.447232717579633565e-01,-9.408718052200676363e-01,4.597579688509167983e-01,-8.508370386624476422e-01,-2.560200797186789612e-01,9.964235305559786537e-01,2.815865448574943475e-01,1.167884764110423274e-01,1.379414582468665995e-01,3.071295449411209910e-01,-9.219280114881486243e-01,-9.257654142708562350e-01,-2.340707879965065741e-01,7.935068211102050961e-01,-2.531216203141098409e-01,4.704373037027655829e-02,-4.833197121045112454e-01,-6.566070452214439745e-01,-8.411962602197732286e-01,-8.909116173540720940e-01,-9.254298848946487244e-01,-8.277256032056734547e-01,-9.050491431939717835e-01,-9.514872421082881671e-01,-9.221521423554284169e-01,-9.166828921864085267e-01,-9.013302177824766837e-01,-9.635860334796361171e-01,-9.946321468491792217e-01,-8.884325211134408429e-01,-9.958401163523459276e-01,-9.504289867680710824e-01,-9.874734955589007379e-01,-9.935129681893097864e-01,-9.627138798286873911e-01,-9.113951935064987797e-01,-8.572433478243780547e-01,-9.725590587753732974e-01,-8.433090716306205215e-01,-7.772039520319591333e-01,-5.600547094836114681e-01,-8.873577932903897736e-01,9.177820594075412064e-01,7.364444987975189427e-01,1.653567559454905689e-01,3.627659787867278940e-01,-3.847751267493109556e-02,-8.690402608740109558e-02,5.671475116608339917e-01,1.045447138037261664e-01,6.007402631483714783e-01,-9.965097941037124318e-01,9.806222374742448178e-01,9.590458828183248130e-01,7.047270923049856473e-01,-2.838336899729731466e-01,-4.138948693232258336e-01,9.767549725613442479e-01,9.864651638411714440e-01,5.234014143746271719e-01,-8.496477292673660919e-01,-6.070024758825978139e-01,-2.749666341018226420e-02,3.880228477961639721e-01,-9.802905665027817905e-01,-5.932332580777899267e-01,-8.118701253548182839e-01,-9.096722871922136022e-01,-9.646687757556858811e-01,-9.896151081464819033e-01,-9.954572109423384108e-01,-9.993738634500820561e-01,-9.907787388230528958e-01,-9.998608781951870972e-01,-9.549706550434626795e-01,-9.744139817004647819e-01,-9.661569743157036871e-01,-9.893665392317166907e-01,-9.813884580363069210e-01,-9.640423767072462402e-01,-8.429712998079835762e-01,-9.620062568237612854e-01,-9.492927573825176157e-01,-9.997837467094937702e-01,-9.772125972876695155e-01,-9.870336527600234167e-01,3.666987748577313355e-01,-7.102277168161901244e-01,-6.472365078457732457e-01,3.020154455998046439e-01,7.960519594069892513e-01,9.217188145097827690e-01,-2.302545390967490058e-01,-8.113390467363192915e-01,-7.065833678842815546e-01,-5.260835666645834463e-01,2.716105356975939134e-01,2.117424502749593596e-01,5.726268067535109779e-02,-8.511436048113740771e-02,9.451282130696130324e-01,-4.280508273818592890e-01,-4.727647584451791229e-01,-2.108087766217988379e-01,6.844817070868837276e-03,1.913501327303623045e-01,-4.386025399334125829e-01,-6.599863836367309000e-01,4.115466168093508403e-01,-8.554781673186341306e-01,4.158157888779507316e-01,-9.014217058450704201e-01,8.413439924149931359e-01,9.279815382812433011e-01
-3.536400845480540487e-03,1.030735622963902948e-01,2.348167947182039795e-03,2.905204117341612935e-02,2.965583863016295341e-02,-1.037918890892612911e-01,5.135879333711710487e-02,-3.146959991655892686e-02,-5.292879204734696197e-02,-1.107227430360172432e-01,-7.775341729447314554e-02,3.551920529462862519e-02,-1.449238995938445240e-01,2.688940976801927965e-02,-1.251023123375939218e-03,-6.576292458927088247e-02,-4.634481449831281963e-02,8.286129373362701583e-03,-4.510560480308144909e-02,-1.277378519508547833e-02,5.968560172597781044e-02,7.198520318398002327e-02,-5.625499703363044841e-03,-4.293945068243805452e-02,2.456922312674051506e-02,-5.070141618383160881e-02,1.637286375275153957e-02,-3.661064110134498034e-02,6.988268399124877850e-03,-3.794650127718118826e-02,6.132678247972783714e-02,-5.230751718074272416e-02,5.005851061387606160e-02,-1.878652235914408247e-02,-2.782093219750820384e-02,-1.087715655814692622e-01,2.035939327948298183e-02,-6.370641673682232720e-02,-4.720889537829420224e-02,-3.816380398120700328e-03,1.067974038297630213e-01,1.241895202749684034e-02,3.838477787163616095e-02,-5.372425200910239083e-03,-2.247415750733260109e-02,1.191656247073862723e-02,9.475360244875098009e-03,-3.873785267963736345e-02,6.032641328076154136e-02,-1.816059861436645356e-02,5.941124013724936870e-03,-5.889112910206902030e-02,-8.243164387355861322e-02,7.460642035934955283e-05,-7.295131588199559036e-02,-7.437850107353900786e-02,-3.786963312819718180e-02,1.572177379133659139e-02,9.712620422962271044e-03,1.117278848879125208e-01,-5.075211199840484050e-02,7.197161662536398670e-03,-1.317177654100127118e-02,8.255848165911743031e-02,7.541408564660451175e-02,1.909103077872646367e-02,-9.551672048460049802e-02,2.874280569004449351e-02,-5.764725647316918528e-02,2.539801949071385928e-02,-5.498202487620899165e-02,-1.228817107367993940e-02,5.700764822225651285e-02,-6.530122467199732383e-02,3.127203403551535171e-02,-3.727139841029648154e-02,7.619765209845498488e-02,-4.042465115358043204e-02,5.303025507122423321e-02,1.632331570035201393e-02,5.328897562943179372e-02,1.101578854454094980e-01,1.881150829035484195e-02,-1.293491507799628647e-03,-9.135408415573896546e-02,-2.387010263113920061e-02,-7.372835462584548250e-02,2.920939108582542090e-02,1.708460061472022451e-02,2.663069444773493930e-02,4.472900814736503056e-02,-2.521590828479773963e-02,6.800801016412579003e-02,4.322213693856677419e-02,1.211964525762776468e-02,-7.886836405476138623e-02,-5.149804298339637904e-02,2.136586653080668752e-02,-7.331145099480239347e-02,-3.998316764742362861e-02,3.054013299274069976e-02,-4.559498668016832151e-02,-3.856367861240921763e-02,-7.453077422624669601e-02,5.152525461530813727e-02,5.092931760227095705e-02,3.121867793019830750e-02,4.778002557161867975e-02,5.746143220913083743e-02,-7.957494974157633752e-03,-1.327459426101939080e-02,-2.728968607423788023e-02,1.763698145755832752e-02,-1.330022327101845585e-02,1.446921899751837806e-03,1.641468854600079165e-03,-2.846216196960361239e-02,2.400651068416178452e-02,-5.410711015201501856e-02,4.399505910054168217e-02,7.286947843005670000e-02,-4.900066772708714519e-02,3.940433001886001207e-02,-1.049451755801863832e-02,-7.524220332879394402e-02,1.821679836386077070e-02,9.483253557095141367e-03,3.883467783088510178e-02,2.468313139188522617e-02,-5.032305239780139605e-02,-3.168446360883782342e-02,-5.027000273083720439e-02,1.189904055922292279e-02,-4.275075604938147027e-03,-7.552341278180544314e-03,8.061558597573248441e-02,7.691604285349629144e-02,-1.642917020015733504e-02,5.604250373817981634e-03,2.387594890380126747e-02,-8.445111205636268367e-03,-3.460292982076241391e-02,-3.547337039062875563e-02,-7.078822492658687522e-03,2.436398302642030569e-02,-4.366825583922090415e-02,6.023633650771573894e-02,4.163689042045753269e-02,-5.691567521861234588e-03,5.598721428105513098e-02,-4.349847293655559333e-02,-1.213463591829251446e-02,1.555043914142414767e-02,-8.822376454527089840e-04,2.593609513412048484e-02,2.134988347605393244e-03,4.938611014566522683e-02,2.965570866579411366e-02,-5.095158157656656805e-02,1.996249986939121340e-02,5.829314339685694180e-02,2.312920740257291830e-02,-1.063047298051331274e-01,3.340488957356389788e-02,-6.424759018692870194e-02,2.028650817509141530e-02,3.941886729051233967e-02,2.238152170627899160e-02,-2.744574487901013313e-02,-2.033747643040927338e-04,-8.455335316251735844e-02,2.029933870830377685e-02,-7.620936166924354577e-03,4.912198967927586257e-02,3.868158936272866194e-02,6.836475047631418445e-02,-4.507924986160538605e-02,3.596675743475393622e-02,-1.003568713445475852e-01,-5.187268362075397876e-02,-9.750235911041879588e-02,6.799301396908731532e-02,-4.023794566619617874e-02,-8.475295849519824676e-02,-5.100019970253281271e-03,-2.418547438058971794e-02,-9.086524946384197388e-02,3.095327123579210207e-02,2.751947070085745961e-02,7.329303671883657945e-02,-6.703553034279066680e-02,-9.022183776828518464e-02,4.558242471066417667e-02,-8.458956961207719782e-02,5.646552485847344816e-02,-7.739153516960913665e-03,-2.828971662076333604e-02,8.998581957522028274e-02,-3.923943576874597272e-02,-7.774342209291140900e-03,9.767759153880567480e-02,-3.474782138172678031e-02,-1.235367617177327189e-02,5.178711227613050708e-03,-9.877716073636688687e-02,1.748722643749316477e-02,2.870658250407312397e-04,6.631250427417058335e-03,-2.489428762944036547e-02,3.101332881686286874e-02,1.575928582438469727e-03,-3.419130710089557379e-02,5.382421968530864964e-02,8.117991972200228057e-03,-3.766463343839275557e-02,1.574151933851015983e-02,-1.966386440053263449e-02,3.987120774667455431e-02,4.515374238105589882e-02,-2.151311955455180100e-02,6.055893085046916424e-02,1.094728726075338936e-02,-6.022077783573488025e-03,-6.069196315685172760e-02,3.586868566605579817e-02,3.077599686943095075e-02,4.751455197201397140e-02,3.094131272078096996e-03,-5.265041100370240756e-02,9.894730756206204791e-02,-7.588005229159484888e-03,4.244819071197439980e-02,-6.949029456823989370e-02,3.109402289909396142e-02,2.005578156967552025e-02,2.615230731283034200e-03,1.169165000202712287e-02,-8.715483985572011760e-02,-1.486058700810469028e-02,5.517647604169678699e-02,1.456792596960204168e-02,4.517059816767941133e-02,-1.116488809598904508e-01,-2.718776312709869636e-02,-2.141342650184907548e-02,-3.833429187130357740e-02,2.389123072553913166e-02,-2.902864192686781253e-03,7.983010080456959257e-03,1.144283544248548418e-02,-2.603097171874771409e-02,-7.868146802798991687e-03,2.595196376373472627e-02,3.676307188695288747e-03,5.772494641245554808e-02,-6.174856328639086872e-02,-5.373456100223358844e-02,-6.441749110917527332e-02,-4.604999548468329158e-03,-1.817320564862663634e-02,1.947863554616552362e-02,5.033162167043806617e-03,-6.526506682308406970e-02,-4.057136952886787953e-03,9.899752524030894230e-02,5.405757042625920772e-02,-5.434732628780419850e-02,8.998586760957820452e-02,7.475956415809139471e-03,2.140386257443419038e-02,7.682516228038276107e-02,1.127257037379060522e-02,9.999365438655248572e-02,-1.205024258989271790e-01,1.611888939341309286e-03,-6.025396361569827081e-02,2.354114958342445885e-02,1.371420528764998731e-02,-1.077147777156833505e-02,1.074617544835784755e-02,-1.301274608374217850e-02,9.619892957248174503e-03,-4.629910968453911091e-02,3.290347406494182475e-02,-1.829076270080349023e-02,-9.326807427147939741e-03,-8.333085921515355488e-02,-1.216384287836976275e-01,1.768857455048156863e-02,1.931567159612302895e-02,-4.164400523410860533e-02,7.875466354980703923e-03,-5.375426559616213601e-03,5.830812886592472849e-02,-4.596746908161578049e-02,-2.885976424477539656e-03,4.241881051296170907e-02,-4.558808938601455370e-03,-4.484715705666967450e-02,2.241984624234030776e-02,-5.982374687080049130e-02,-8.831460742846142242e-02,4.255754558157091860e-02,-5.183206179654040874e-02,6.466287531295748965e-03,-3.240155181200752438e-02,-6.437015903262341410e-02,-4.476050616724439046e-02,3.722210810352116761e-02,7.734644835251040795e-03,-3.837584284997386241e-02,5.605237273433708728e-03,6.676639348165459842e-02,-7.445829271796251814e-02,4.963057062425650645e-02,-4.410040169092121348e-02,-4.055933597164650822e-02,2.028515286164791001e-02,-5.630281519870583215e-03,5.511659194246549751e-03,1.183256343148461794e-02,1.890587610518032480e-02,-4.692957908123922967e-02,-8.855824818771464157e-02,-1.419741556853966816e-02,5.167262923353327375e-02,3.249780803822288622e-02,-9.908830346225970531e-02,6.068221749887090649e-02,-1.575471654546342984e-02,7.842453206153751633e-02,-2.851410289410095250e-02,-3.978364671806816633e-02,-3.977932203488525331e-02,4.307255182257227477e-02,2.950636574363641601e-02,4.374915526268374766e-02,9.010470697907978221e-02,-3.534341001964901724e-02,2.255647279878722489e-02,1.869639375358981941e-03,-2.358727349297048276e-02,2.631479908318828595e-02,-1.354242718364738821e-02,-2.862666153123971657e-02,1.922066147797080182e-02,4.536279395229003870e-03,-2.765615684610399361e-02,-6.050607758056979896e-02,-1.411415595691788150e-02,2.205253392521532973e-03,-2.928797427547825266e-02,8.657508222709607570e-02,1.505383351936048081e-02,3.536616591919711922e-02,-5.099584705534893070e-02,5.753969791845019730e-04,-4.361869789546660159e-02,-4.928749843571972322e-03,-5.149708786228024415e-02,1.134903362412035925e-02,-4.106961912313283197e-02,4.162795003799193982e-02,6.258718640269879396e-02,-4.755359128544692227e-02,8.320259208031308140e-02,-6.892247337851646616e-02,-7.866891353130595066e-02,1.048574619448435219e-01,-1.045516637003551658e-01,-3.374095097312035385e-02,-9.729676677254965600e-02,-7.870553750871051024e-02,5.672734017298988740e-02,2.759590215954098660e-02,2.167816112723368327e-02,6.985437624811295654e-02,5.487794456323132064e-02,-8.876523981457512535e-02,-1.678710492957549358e-02,-4.463127612816189527e-02,-7.255679484230002918e-02,-3.794465172993945895e-02,6.177620455002465205e-02,-4.259704608172437679e-02,5.027683216987201276e-02,-3.091183883732495120e-03,-8.307971383370268623e-03,3.750624648635030728e-02,2.694849894959297498e-02,6.890095270219098733e-02,-1.572552701823062837e-02,-8.060827311362406267e-02,-3.073847121992908174e-04,5.899451340534183491e-02,1.797447976166230421e-02,6.353982403673258395e-02,-3.244107022217021519e-02,-8.616868480884434800e-02,-2.514086030572140404e-02,-1.834215517181276081e-02,4.190455311532122890e-02,8.456958914439254016e-02,3.556502537598483366e-02,-5.047703329589244003e-02,-3.151251282000167020e-02,3.355344782293519235e-02,-2.135869906166484172e-02,-2.683065811511525789e-02,3.097218371760201983e-02,-5.490179153212724344e-02,-4.558028806678201400e-02,-7.515173224239989069e-02,-3.690753844926896593e-02,-9.838159332148133096e-02,-1.110928409949991508e-01,1.390043096117402760e-02,-8.005197249872608722e-02,-6.854186764070959240e-03,2.530663643144892214e-02,2.670307244462475499e-02,8.217549188489152445e-02,-7.856925846496052787e-03,-4.023974622564952669e-02,1.328739288632377058e-01,2.275178750741336381e-02,8.211197373734191104e-03,2.413182104014337248e-02,5.698987808206687489e-02,4.783057504681324096e-02,4.068297147354640875e-02,-3.580964368768431438e-02,5.332967592839165522e-02,-3.943101789415218161e-02,1.223541705274930162e-02,-4.551829999644551455e-02,-3.281646053100044369e-02,2.810178213076537646e-02,3.494156525081307946e-02,-1.459219714585992603e-02,1.305263113578424838e-01,-1.220273366126241668e-02,-2.183234921402318895e-02,-7.877532248121604797e-02,5.576786967309613208e-02,-1.436626595322673672e-02,-3.526457413734850055e-02,2.642678072897044692e-02,3.128866733331089889e-02,2.055629885930881917e-02,-8.650368570063751705e-02,-5.016977093015309586e-02,5.263255654415323337e-02,1.283033102320578767e-01,-4.166873400132538319e-02,-8.151984063105661982e-02,5.728154663715251393e-02,-3.010382906300965167e-02,7.011210083465969911e-02,4.811629474361306391e-02,-3.658742417884416204e-02,3.790497792371785857e-02,-4.372227484139193376e-02,4.060303851756019711e-02,3.474393922979676641e-02,4.691417536237062896e-02,2.911487699452169897e-02,2.742673337231855274e-02,-2.788532717139245026e-02,3.934793571014108537e-02,3.769177436890530641e-02,-4.217840990385891137e-02,4.098039485792874526e-02,3.729363797420991861e-02,-7.849286298006283302e-03,-2.826595848350971912e-02,1.061018237568799039e-02,3.774726026914269894e-02,8.900963551521301476e-02,-9.271107918983516674e-03,2.825304529414476851e-02,-5.200426727690274364e-02,7.013444327723548921e-02,4.674744910742586156e-03,4.713431281426785913e-02,3.540950905475613586e-02,5.900385322723314396e-02,3.757528376411282262e-02,5.840033003045261295e-02,1.372951378271055622e-01,-3.288288128073254407e-02,-4.283645803343259784e-02,5.380867352957018762e-02,-6.616673875534792582e-02,-4.811569381094808751e-02,6.118650286793680254e-02,7.285436781339532653e-02,3.546812343205522911e-02,5.600333017866777376e-03,-5.869631448482753172e-02,-2.522076601997887482e-02,5.032112515586469048e-02,6.090956766184529164e-02,-3.504008439472122011e-02,1.598131296134452234e-02,1.636665516626714667e-02,1.256746718338058455e-01,5.077658698194949249e-02,4.777208177678131384e-02,2.434772287427939413e-02,-1.244345069222735634e-01,-1.000958286843726605e-02,-5.789595780394948821e-02,3.417797806904581542e-02,2.891375712459933953e-02,4.934805758940175036e-02,-2.523574044158180193e-02,4.387326266560283294e-02,-1.638430109033559290e-01,-4.931297943388570498e-02,-2.971344482773716905e-02,1.168515359008373989e-03,3.636288863462791825e-03,-6.778140669028348553e-02,1.915768196841194718e-02,2.244857950171107522e-02,1.492131793095081288e-02,-4.370703059485001735e-02,-4.873046249264428170e-02,2.536575429275148008e-02,-7.244985544450931181e-02,-6.904801234771119900e-02,-1.331877449617264834e-02,-1.012181477337166166e-02,-1.316513565521625073e-02,9.649674109675685646e-03,2.112220063890569988e-02,3.282975222469660531e-02,-2.494933777123416532e-02,2.000473698846255005e-02,7.171422543548822137e-02,-2.795999347591629144e-02,-2.280686542905758715e-02,2.548159031320703857e-02,3.129509293782509888e-02,-6.978761924370983916e-02,3.815399014989827656e-03,-1.538783231115434594e-02,-9.911730319466066641e-02,-5.670351571989934447e-02,-2.048867315134750289e-02,-2.415862609790258436e-02,6.174440773196008397e-02,4.897733322250915483e-02,-5.017159248735946625e-02,3.707746843220212363e-02,3.378463628563350973e-02,9.813182663050742938e-02,-4.366601569268895727e-02,8.688341985408731816e-02,-3.728524328046418229e-02,-6.914359484246473952e-02,2.156339607534114855e-02,5.286480094246268774e-02,7.616022433712443807e-02,-1.952420717462073629e-02,-3.509882556140028753e-02,-3.379442098439932457e-02,-6.933071896587297833e-02,-3.993931619439339969e-02,-8.950207678549676471e-03,1.428827546391047733e-02,-1.631162801323747177e-02,-5.763360533725705483e-03,9.901093091569959648e-02,4.136897718635143550e-02,-3.740024520915364442e-02,5.023238885721383051e-02,-5.560167769998770881e-02,1.102885951587214905e-02,-1.236410908238814825e-02,-6.976197615267101110e-03,2.246333492335715262e-02,2.655373667074636956e-02,-2.275452592014793815e-03,8.678055677489181219e-02,4.235956531709503259e-02,1.305081792185764505e-02,8.558294428930369666e-03,2.255219706465456594e-02,5.642616005259524364e-02,5.028801323681619112e-02,-4.169690407415654193e-02,-2.594993953331720116e-02,-6.350730175254278020e-02,-1.212571399105478315e-01,-4.892286082481866853e-03,-6.716385931666916942e-02,7.913094526863009848e-02,-1.012813070967503171e-01,-2.570636959487072187e-02,-2.472987178760413865e-02,8.326276748495854696e-02,-1.099701560749621193e-02,2.267927991542852129e-02,4.499117649687881665e-02,-1.053240283581964934e-02,3.628028276634419347e-02,4.291479318787497915e-02,1.069001288629285902e-02,-5.756404507946417948e-02,2.728458504715466915e-03,5.301301657885573726e-02,3.218385253210580971e-02,-1.238971069320914942e-01,9.505055895449185388e-02,-2.133850462220441419e-02,7.740731579221971428e-03,1.303298809609314615e-02,1.909857081388359207e-03,-1.409702218640355303e-02,-4.389336449101927107e-02,-1.797894538846511042e-02,1.033000602447775931e-02,-3.929047870134873277e-02,-5.129996317638330083e-02,-4.609915924205018611e-02,-3.126986537436834968e-02,-3.660616409647988491e-03,1.943546921945089705e-03,3.972086690248194385e-02,-7.271032088309424546e-02,7.898485869802075732e-02,-5.985762066405467957e-02,-9.490767973679682667e-02,1.986292657849997312e-02,-9.400012253834066911e-02,-3.545116846321301474e-02,2.315626328548085755e-02,-1.588797949590578171e-02,-2.063331407154982838e-02,7.825842216604328438e-02,3.910529704220618713e-02,-2.137740573403196925e-02,-7.501653241307597655e-03,-7.611958364259419074e-02,2.452749329553162785e-02,2.915961087475135716e-02,3.787406941718853004e-02,1.739401247175339713e-02,3.870579328343347336e-02,7.885580842580511285e-02,1.580976464174758400e-01,6.585504385215316947e-02,1.036986181664602963e-01,7.733992904043053562e-02,3.085770106439073013e-02,-5.489349018456475549e-02,2.788102833899441801e-02,6.698172092001825062e-02,-3.986093583424877435e-02,9.942530089533996307e-03,-1.437382532131281122e-02,-2.809079522221794717e-02,-1.327841131385067985e-01,-2.206387719012228299e-01,-5.193301271319601675e-02,-2.554797442431685495e-01,-2.157305706118243238e-01,-2.114528862201436321e-01,-2.458900479038165776e-01,-2.472417933681215207e-01,-2.673910462663390275e-01,-3.571072576942998511e-01,-2.744066934814732850e-01,-1.990347971398460647e-01,-3.608722156717486529e-01,-2.011499263267160498e-01,-2.529870204814953505e-01,-2.407889517190918982e-01,-2.344951650277942445e-01,-3.770302344300044406e-01,-2.028472805919727118e-01,-2.766521014414643487e-01,-1.445033751805131494e-01,-1.825595853899781851e-01,-1.796263947279605200e-01,-1.555814545801004478e-01,8.320809369175016790e-02,-1.100742928289738798e-01,4.347922823873690695e-02,7.314482705468537682e-02,9.375627618321895340e-02,1.819614061449201514e-01,7.088259147545122874e-02,5.378463893129621642e-02,-3.953431317722935073e-02,2.822707119209165727e-01,9.371275697678263517e-02,3.020326801462990818e-01,1.597745548409602312e-01,2.586000445724688790e-01,1.701007243393208579e-01,1.518926891211939412e-01,7.125005546290501257e-02,6.987558476232236249e-02,3.928733270919132492e-02,4.265060864558774950e-02,-1.743689131836302086e-01,-1.446238690198615173e-01,-1.791362421283490547e-01,-2.743790235269136235e-01,-4.905723045247485370e-01,-4.036953158705116063e-01,-4.466764669489010631e-01,-3.825428451573545940e-01,-5.543096513013177074e-01,-5.549546616330819360e-01,-5.321021409891342202e-01,-6.191837702953546518e-01,-5.270203912059177043e-01,-5.306143719568123807e-01,-5.244350011601496275e-01,-5.701807939631942101e-01,-6.488284709259608540e-01,-6.536199874652731667e-01,-6.557979339953833309e-01,-6.639849133051388685e-01,-2.674713347037944167e-01,-5.078503216482493920e-01,-5.134951263544164091e-01,-5.129768697607557382e-01,-2.378445055307988054e-01,-2.742901994448203040e-01,-3.109423051930668702e-01,-1.744188388992828354e-01,-7.940250216693281460e-02,8.338964422916322894e-02,1.305884278550515920e-01,2.082648516440641362e-01,7.439950551937818402e-02,1.804896464802966394e-01,2.543515154930524602e-01,3.409121935330904074e-02,1.987469197308618929e-01,3.204300382609581166e-01,3.107335296445564166e-01,3.286800861132184726e-01,2.496024389567492174e-01,4.727394578766910271e-01,3.797132371896247971e-01,2.821300215965398261e-01,6.446532964217490183e-03,1.139102119474520863e-01,-1.769079818877931365e-01,-9.744649847919213681e-02,-1.699489100816365950e-01,-1.407827980767042686e-01,-2.397978834058934472e-01,-2.895492230586213522e-01,-5.399812594803493626e-01,-6.907096799663103859e-01,-6.118565562586900652e-01,-5.815096141725656365e-01,-6.137655926774049364e-01,-7.594033859526109209e-01,-8.911393675525673963e-01,-7.346198788649498379e-01,-6.938381061221121637e-01,-8.446923416880898206e-01,-8.363825203613011183e-01,-7.692455077971670496e-01,-7.737449076777676016e-01,-7.194720132927366896e-01,-8.082644617595631242e-01,-8.473168925493134163e-01,-7.823575468569481384e-01,-6.662161865474131028e-01,-4.491842042853734229e-01,-5.885452000823692131e-01,-3.947990636503242445e-01,-5.710204821219034832e-01,-2.910546914549903552e-01,-3.833772928664861412e-01,-7.717055170374148565e-02,3.638497136071180277e-02,1.881797600933547698e-01,2.518816025583509588e-01,3.054630604848376785e-01,1.135846090709362738e-01,3.427844650562194007e-01,1.650425403198411689e-01,5.023768756038888839e-01,4.772165916123913831e-01,2.682240115659255131e-01,4.144887978688114316e-01,5.528555007116568998e-01,3.702190104993426933e-01,4.460619787707734707e-01,6.496892681285251214e-01,5.275951282534271231e-02,6.480726821691511208e-02,2.380517054911463204e-01,2.244810579615620083e-01,-6.192246191277419598e-01,-3.097289048099889364e-01,-4.728421874869287445e-01,-5.585337090958265582e-01,-9.143195772752946704e-01,-7.267791762542686884e-01,-9.332398065329569059e-01,-6.852609806746637888e-01,-7.317350852820387885e-01,-9.280829184288043043e-01,-8.372653032132448825e-01,-8.018172602638903301e-01,-9.658693137790752559e-01,-9.560505176885402134e-01,-1.044941503106840308e+00,-1.058879603509145007e+00,-9.836178666373912582e-01,-9.093263587394943004e-01,-1.014121890047448238e+00,-9.694320996647768363e-01,-7.465580831768682257e-01,-8.722301839797713674e-01,-7.468192308099366183e-01,-7.443322315096865260e-01,-6.471708229235606513e-01,-2.493790409715997414e-01,-6.245744409643694262e-01,-5.299859207687607210e-01,-5.747651210958859558e-02,3.421746506899849168e-03,-1.414368489864612499e-01,9.913942250083024321e-02,3.762672465731040083e-01,4.215584479455533606e-01,4.285121359533935470e-01,1.683933151407261408e-01,3.947250232781128187e-01,5.389973888087091769e-01,4.078274513310589655e-01,5.247161428721140997e-01,6.167295791885407663e-01,4.155608628860445464e-01,7.109909432113588057e-01,8.969593130975609396e-01,1.312278542329952391e-01,2.104533647868289670e-01,4.532893133782238404e-02,1.686927139869583425e-01,1.116055970509681472e-02,-3.859324348931108539e-01,-3.282757885042370538e-01,-3.995493481105003575e-01,-7.188109422725752484e-01,-9.443041055751545398e-01,-9.289850015627243440e-01,-8.164560703241970918e-01,-1.001822464535606860e+00,-8.648555803109649887e-01,-1.026207522711479969e+00,-9.413710812421447471e-01,-1.073401016159860610e+00,-9.627226614457896625e-01,-9.546306560456173651e-01,-9.296746893458067706e-01,-1.033681876910027997e+00,-9.787291387614458493e-01,-1.061931492895000106e+00,-1.002457707170385515e+00,-9.876733677710374248e-01,-9.564463658334928509e-01,-9.607857030569465495e-01,-7.561380897034362114e-01,-4.935197751406034117e-01,-5.022527380344774528e-01,-8.451016141571430218e-01,-1.874980593362075842e-01,1.790630108047129854e-01,-6.071863117344065974e-02,-8.910864975683427391e-02,-2.681620509093244342e-01,5.524030894953542159e-01,2.917881174100559472e-01,3.885346363199587150e-01,3.316413967624038950e-01,1.598119494709573929e-01,8.781070477332026947e-01,6.826636074917529218e-01,7.031841286537564573e-01,8.792420420619405652e-01,7.174608965145861106e-01,4.208522489714400239e-01,7.933666663846377087e-01,4.003389898517538681e-01,3.412418131605663429e-01,2.142278951109685137e-01,1.233352390707277840e-01,-6.814973191578268530e-01,-3.735187539327332051e-01,-7.078098355709459000e-01,-7.021617131551796120e-01,-1.007407750212172104e+00,-9.932289535879585962e-01,-9.676258145624441198e-01,-1.063726959501830382e+00,-9.464628779783208490e-01,-8.085953640227196981e-01,-9.854282638846230125e-01,-9.838830405120796430e-01,-9.944101487406949991e-01,-9.228614100550232013e-01,-7.340402866293540551e-01,-1.034461873721926217e+00,-7.985163650059562412e-01,-9.308077452650358463e-01,-9.179403377223110949e-01,-9.070082345744004959e-01,-9.934347543100472411e-01,-8.226609106074621591e-01,-9.016890134771846643e-01,-8.492996994457808757e-01,-6.471378667487899250e-01,-6.983381901424113858e-01,-6.591898675955030207e-01,-8.642923062198835105e-01,-6.102877528601556578e-02,-5.690866835846523919e-02,-8.711886111600736227e-02,-1.872042230376912142e-02,3.428515787553850225e-01,7.393834820622249282e-01,7.982315531346144688e-01,3.083862566171342023e-01,8.904872834277195448e-01,9.120901072925369224e-01,9.227675446255325653e-01,5.844430390398623887e-01,5.751579853667281306e-01,6.679089969957539008e-01,8.452722442376511269e-01,1.025176120319094331e+00,1.874912045406293970e-01,9.905134569437895609e-02,4.421469046482437992e-01,-4.375149337372981617e-01,2.968482198544482586e-01,-1.070244710264792176e-01,5.232209177359000707e-01,4.373017116179853669e-01,-4.679804345335498161e-01,-6.515754156660557017e-01,-9.981382316630862395e-01,-1.046884608745239031e+00,-9.825857384673393202e-01,-9.117693839642267983e-01,-1.033239602288330561e+00,-7.608039847979573000e-01,-8.957238097260850074e-01,-1.002449634771518161e+00,-8.045199858409808336e-01,-8.548834713462009072e-01,-1.013025841235125180e+00,-1.056923560727923928e+00,-9.145358084402004373e-01,-1.078652382050553804e+00,-5.764580855708807405e-01,-7.668970514784549941e-01,-6.520828531106234172e-01,-8.212007879404056299e-01,1.136851768425908155e-02,-2.892626209400376847e-01,-2.616783101745634443e-01,2.382514217735585277e-02,8.782621500596761166e-01,1.037805902722580775e+00,9.162531237046063204e-01,5.565916773307177934e-01,1.024100392468795917e+00,1.015393316829779735e+00,1.061876069659142718e+00,9.741876043046706624e-01,5.164997495475269762e-01,4.223475496237109605e-01,1.118277570174755764e-01,4.289611784349119938e-01,-2.507244770952442026e-01,3.581407237121458920e-01,3.884176964085894745e-01,4.143412561133351657e-01,7.578337668047001596e-01,9.990286368915923809e-01,3.263794383082156969e-01,9.935133704406150512e-01,6.854361157281320116e-01,6.638315675177358655e-01,9.860258903689825827e-01,7.277697971962162615e-01
9.999499746420921209e-01,9.569034778283506126e-01,9.999779442670180263e-01,9.966201171697979255e-01,9.964780007777493953e-01,9.562922279040159124e-01,9.894120177756194900e-01,9.960334277889815180e-01,9.887523481677628068e-01,9.501636472384817900e-01,9.756230505663698871e-01,9.949450582480764416e-01,9.136550650797478079e-01,9.971050509158966291e-01,9.999937397515155091e-01,9.826013243499669425e-01,9.913840435490220981e-01,9.997253350981600839e-01,9.918398741377161265e-01,9.993471796570149168e-01,9.856829023845958826e-01,9.791295326042467329e-01,9.998734096711420216e-01,9.926066924434074901e-01,9.975834700066639193e-01,9.896822475673571207e-01,9.989273340943137791e-01,9.946290659747166751e-01,9.998046436995881026e-01,9.942291983076546602e-01,9.848807451451703221e-01,9.890157994770145677e-01,9.899431159993145046e-01,9.985876020429185207e-01,9.969007884897014282e-01,9.519314028295533525e-01,9.983410641803672769e-01,9.836782253022509082e-01,9.910588065404776215e-01,9.999417398312600014e-01,9.536860861134810463e-01,9.993829516633530030e-01,9.940948619675527009e-01,9.998845437468364405e-01,9.979782885564780770e-01,9.994318746115181673e-01,9.996408272025444353e-01,9.939855100965725443e-01,9.853723329032462175e-01,9.986801905612068264e-01,9.998588055372101824e-01,9.860632531486357433e-01,9.725743591168624080e-01,9.999999777355280672e-01,9.785616073222229705e-01,9.777083981608085672e-01,9.942525989685272458e-01,9.990109774966277056e-01,9.996226125574535493e-01,9.492399635254733514e-01,9.896615334763090299e-01,9.997927891460751670e-01,9.993058566810998355e-01,9.724891370224267861e-01,9.770786487015550303e-01,9.985414217831350969e-01,9.630635875699237181e-01,9.966917651830714542e-01,9.866483314604624910e-01,9.974175436021042174e-01,9.878592100254510733e-01,9.993958818076065231e-01,9.869442354903498194e-01,9.828461401801981134e-01,9.960831402836075599e-01,9.944330833269691139e-01,9.765961946688089812e-01,9.934491543165101524e-01,9.887090229789458062e-01,9.989338188402230312e-01,9.885981669501281432e-01,9.506788361658298214e-01,9.985838408149184664e-01,9.999933075039472152e-01,9.662472432606233896e-01,9.977191415941787378e-01,9.780991810964830835e-01,9.965833644919769307e-01,9.988320113441367942e-01,9.971605425360129393e-01,9.919759272637015401e-01,9.974544760075551020e-01,9.813857091585409531e-01,9.925087838426712716e-01,9.994123417308324875e-01,9.749131602196282609e-01,9.893543230469971084e-01,9.981728876995931143e-01,9.783479123538023625e-01,9.935917608616576802e-01,9.962645626638113594e-01,9.916613523056393431e-01,9.940395801965276057e-01,9.776163612895949484e-01,9.893430300625253304e-01,9.895889631617257320e-01,9.960965120352981428e-01,9.908404982465192079e-01,9.867346460957351351e-01,9.997466917105545248e-01,9.992949749877025889e-01,9.970181347685638240e-01,9.987552315286238880e-01,9.992922493600757683e-01,9.999916256446875762e-01,9.999892222812781784e-01,9.967561220951979273e-01,9.976929786617818596e-01,9.882440099289286906e-01,9.922377689689977354e-01,9.786100167455291654e-01,9.903650116625974942e-01,9.937763425701920950e-01,9.995593957150905595e-01,9.771837925062775154e-01,9.986720057454007149e-01,9.996402284740851796e-01,9.939553457579960449e-01,9.975609927228910045e-01,9.898361827432317073e-01,9.959790054623753885e-01,9.898576722969955055e-01,9.994335444221921216e-01,9.999268931328456622e-01,9.997718312141100627e-01,9.737796992337625079e-01,9.761493549546240711e-01,9.989199409314442057e-01,9.998743642500277362e-01,9.977180233519130637e-01,9.997146932592619883e-01,9.952029052144482080e-01,9.949581177092865492e-01,9.997995476967297401e-01,9.976237063438899710e-01,9.923529502257447676e-01,9.854161927825326739e-01,9.930494559068987481e-01,9.998704186399985927e-01,9.874093713247836801e-01,9.924124475251663302e-01,9.994108868097034692e-01,9.990324235232941330e-01,9.999968866237166631e-01,9.973068629837515964e-01,9.999817671882119674e-01,9.902123440097578833e-01,9.964780316835867291e-01,9.895798273527207645e-01,9.984051475353320493e-01,9.863461134887820947e-01,9.978586329735026350e-01,9.541186828599310665e-01,9.955298143505804109e-01,9.833982263338328922e-01,9.983529271527311622e-01,9.937717401004408924e-01,9.979949318137378844e-01,9.969838987614444425e-01,9.999998345548117840e-01,9.711309244572035038e-01,9.983508419135119771e-01,9.997676673380019308e-01,9.903170886030737696e-01,9.940030031731438287e-01,9.811887028815777789e-01,9.918494329099856177e-01,9.948166476913075096e-01,9.591747792997815658e-01,9.891983132918157340e-01,9.614926220852316741e-01,9.813939675342618907e-01,9.935096560396600163e-01,9.709931724166970257e-01,9.998959555770734475e-01,9.976584267961419172e-01,9.666113983462170101e-01,9.961626854611360660e-01,9.969676567010254953e-01,9.783588651583525753e-01,9.819173914017439442e-01,9.670875999940479195e-01,9.916659591462219092e-01,9.711059557043015822e-01,9.871924106569900381e-01,9.997604028791320374e-01,9.967953525127827286e-01,9.672613976200438168e-01,9.938284279306972557e-01,9.997582189302773870e-01,9.613523571217652552e-01,9.951625830495903768e-01,9.993894225275159471e-01,9.998927199640503805e-01,9.604661721733310786e-01,9.987762889375427777e-01,9.999996703728121217e-01,9.998240957583052202e-01,9.975190497978917437e-01,9.961477611122828701e-01,9.999900657635160117e-01,9.953165315111315303e-01,9.883670881989101709e-01,9.997363696628507324e-01,9.943147724237161311e-01,9.990084908170107081e-01,9.984525324339532659e-01,9.936276747417309707e-01,9.918224003628183238e-01,9.981476005060270218e-01,9.852588074703727550e-01,9.995205510096791812e-01,9.998549313024449603e-01,9.851936549691187039e-01,9.948449247012861596e-01,9.962065686818116772e-01,9.909423030619609607e-01,9.999617049178606276e-01,9.888707857796144030e-01,9.603281137527458489e-01,9.997696710257435448e-01,9.927752975430141902e-01,9.805602084230189419e-01,9.961276627983578491e-01,9.983901997025719233e-01,9.999726420234072988e-01,9.994531216289077591e-01,9.693091352325703403e-01,9.991163917291484564e-01,9.877728359820054926e-01,9.991508619362351462e-01,9.918162773169734159e-01,9.493128862091054776e-01,9.970403887072344373e-01,9.981647394445419819e-01,9.941104156786811918e-01,9.977150990333156777e-01,9.999662931392071519e-01,9.997450645402413683e-01,9.994761546319527179e-01,9.972871056552707891e-01,9.997523486235360135e-01,9.973035635041472835e-01,9.999459380876258852e-01,9.866121607325853970e-01,9.846710085104275478e-01,9.884059596490732957e-01,9.833098218128187851e-01,9.999151735182728595e-01,9.986783567028068020e-01,9.984815633343091523e-01,9.998986656917745464e-01,9.828652383717417784e-01,9.999341571139567231e-01,9.602873190518050883e-01,9.882656106893452641e-01,9.881389837734235737e-01,9.672613622970581693e-01,9.997764236432782337e-01,9.981663794519423094e-01,9.762061215378344814e-01,9.994916305142692581e-01,9.594736110976013199e-01,9.407978634397826667e-01,9.999896072201859276e-01,9.854076151067744371e-01,9.977816193670502321e-01,9.992474936421685827e-01,9.995358292727530847e-01,9.995380077314126588e-01,9.993225208407573446e-01,9.996297849639749211e-01,9.914010774668773340e-01,9.956631961901811767e-01,9.986611951193724579e-01,9.996520022957002816e-01,9.719672483241021954e-01,9.396549265522722294e-01,9.987479352456483106e-01,9.985068769975808944e-01,9.930470748437237871e-01,9.997518876025787149e-01,9.998844147042660335e-01,9.863390609339114379e-01,9.915241688797187258e-01,9.999666841903372960e-01,9.927853190337765366e-01,9.999168667406728161e-01,9.919333676986640258e-01,9.979880546589522394e-01,9.856162360322238136e-01,9.684784736378879710e-01,9.927379353908809545e-01,9.892152846715785985e-01,9.998327391779999740e-01,9.957946810047276776e-01,9.833344740769113246e-01,9.919645921485306106e-01,9.944478248625395755e-01,9.997606819894034880e-01,9.940976161687241630e-01,9.998743199957648153e-01,9.820631512642935546e-01,9.776601946855777436e-01,9.901148891565558774e-01,9.922004562514292747e-01,9.934053344337118174e-01,9.983531473433279180e-01,9.998731943606362638e-01,9.998784815298984441e-01,9.994398572268683445e-01,9.985695900855908747e-01,9.911646049940845415e-01,9.683025186671773143e-01,9.991935168878720575e-01,9.892817636411359583e-01,9.957696230004348115e-01,9.602135195186727312e-01,9.851984328469710617e-01,9.990068270681677909e-01,9.751969992000938392e-01,9.967442588853070440e-01,9.936556913169148908e-01,9.936570734599973198e-01,9.925606735823957472e-01,9.965134558704630274e-01,9.923245181544961824e-01,9.671739113376689456e-01,9.949950542262014919e-01,9.979634416792121376e-01,9.999860177292571040e-01,9.977729115065590015e-01,9.972275684742493151e-01,9.992662312882714115e-01,9.967184761578219421e-01,9.985215368611179976e-01,9.999176864186213320e-01,9.969374285184418039e-01,9.852846518817738319e-01,9.992029507677357980e-01,9.999805473037650660e-01,9.965649349207593710e-01,9.697200970750413651e-01,9.990932545051876001e-01,9.949885965438124424e-01,9.895616514126026608e-01,9.999986756726807480e-01,9.923703410910499345e-01,9.999028265525826686e-01,9.893547193178888755e-01,9.994847092684530088e-01,9.932379792615759762e-01,9.930524473378607997e-01,9.842496337959038000e-01,9.909273681187278360e-01,9.720542658870333641e-01,9.808785897626157713e-01,9.750409171810193731e-01,9.553772405127894940e-01,9.556408332486409085e-01,9.954392826725994015e-01,9.616568518855105330e-01,9.750174829196777138e-01,9.870728570050915085e-01,9.969507723942371280e-01,9.981190516237054000e-01,9.803546559807139182e-01,9.879053145900813515e-01,9.681526349917717322e-01,9.988723489170227010e-01,9.920110465195010052e-01,9.787944646407450433e-01,9.942297619192490554e-01,9.846572122952061967e-01,9.927244158023684761e-01,9.898549070909019587e-01,9.999617778418237179e-01,9.997238850379602804e-01,9.943625760713175055e-01,9.970923013822633463e-01,9.808906038944444905e-01,9.990105050699779055e-01,9.737844967356791281e-01,9.999996220585072315e-01,9.860140520840544598e-01,9.987071156538611660e-01,9.837639321208615506e-01,9.957844023768779307e-01,9.700064736327391746e-01,9.974696182511957332e-01,9.986536577583410290e-01,9.929595963337600750e-01,9.711197322349591765e-01,9.949319860422403128e-01,9.897736774989764896e-01,9.960225882297224498e-01,9.954899066247377970e-01,9.981741140979616400e-01,9.971176997682785759e-01,9.961579888333298438e-01,9.878947589109818850e-01,9.916667425881398046e-01,9.772390362299480104e-01,9.945414421356086887e-01,9.607861743262807730e-01,9.498245744650316569e-01,9.992269129680955153e-01,9.741481313527543540e-01,9.998120687241138782e-01,9.974361095473277539e-01,9.971450724988571990e-01,9.727460536061071084e-01,9.997530545412982583e-01,9.935090739192146136e-01,9.277265235906620999e-01,9.979279957662243739e-01,9.997302807060549634e-01,9.976688124684128800e-01,9.869524086001595364e-01,9.908210482826597110e-01,9.933649800312313038e-01,9.948619107739453682e-01,9.885806779253556442e-01,9.937678919315819925e-01,9.994010587538165735e-01,9.916894555528333877e-01,9.956861361198361404e-01,9.968378339850789693e-01,9.951084007080078786e-01,9.991480293295952331e-01,9.303131771010382245e-01,9.994042549123708374e-01,9.980921825514216250e-01,9.749727990571815939e-01,9.875082381074508087e-01,9.991742144405842962e-01,9.950173939628236264e-01,9.972039003206697449e-01,9.960789670643177551e-01,9.983088021069309592e-01,9.697705095012266741e-01,9.898982118685889509e-01,9.888783603586246418e-01,9.327164502159722703e-01,9.930387958527622239e-01,9.731830065909894412e-01,9.868179321543811833e-01,9.963706588651072282e-01,9.802084844746931092e-01,9.907107203159136732e-01,9.946358879777646989e-01,9.942418450327951129e-01,9.923339711650979167e-01,9.933910841596558239e-01,9.951636656322369046e-01,9.911704210812662952e-01,9.966054643404547164e-01,9.969880799690571394e-01,9.968864100019046992e-01,9.937941806912491405e-01,9.943065604989810291e-01,9.928670557641393613e-01,9.932673940057893391e-01,9.944264255788802798e-01,9.997535345737048607e-01,9.968007385996642267e-01,9.995496285306576523e-01,9.942897538012801517e-01,9.679751979412761775e-01,9.996561468300872999e-01,9.968036641770976480e-01,9.891432464083644849e-01,9.801957866899490002e-01,9.999125844930843998e-01,9.910871188242467156e-01,9.949762850292627192e-01,9.860096028918223787e-01,9.943417644985971249e-01,9.862956280427932487e-01,9.227187142064632308e-01,9.956686307148491233e-01,9.926422027905881240e-01,9.883738329373692455e-01,9.823857561654231185e-01,9.907109530583665391e-01,9.849501763472974236e-01,9.786189490421219883e-01,9.949596116104812982e-01,9.998745398340876944e-01,9.861557275216931151e-01,9.974534943139151677e-01,9.898369638395323467e-01,9.850867691013596161e-01,9.950807325832801142e-01,9.989780426726551088e-01,9.989281477397926601e-01,9.355006638307364897e-01,9.896515255931362942e-01,9.908435528945613857e-01,9.976268795934729594e-01,9.367926365007243072e-01,9.995991794665710639e-01,9.865323669365260173e-01,9.953201880504356502e-01,9.966522519484258824e-01,9.902274699264456137e-01,9.974504669577981542e-01,9.922807973268334969e-01,8.888231732907712068e-01,9.902414030561175196e-01,9.964642884889062247e-01,9.999945382774795277e-01,9.999471086807447673e-01,9.815103003970733209e-01,9.985312145502296399e-01,9.979828908747887528e-01,9.991091527212752066e-01,9.923393294860088920e-01,9.904713134402135521e-01,9.974241064674966850e-01,9.788573597325231912e-01,9.808084297377051008e-01,9.992902731669831562e-01,9.995901394843874632e-01,9.993065566062918625e-01,9.996274889161059773e-01,9.982143491016831627e-01,9.956826358997165061e-01,9.975080560294656840e-01,9.983983879419471297e-01,9.792874291266721043e-01,9.968696962800482897e-01,9.979179447768486977e-01,9.974005060532542544e-01,9.960773543118606188e-01,9.803924279735782843e-01,9.999417697912215131e-01,9.990525594603365533e-01,9.601899287711761488e-01,9.870837593097819829e-01,9.983199173558284789e-01,9.976636267079147524e-01,9.846730820722687794e-01,9.903742152015891920e-01,9.898974758563487963e-01,9.944909696408694710e-01,9.954274473157634917e-01,9.609875338236352205e-01,9.923537367680395072e-01,9.695018864367379585e-01,9.944289391268237299e-01,9.807549237495614136e-01,9.981389268421264616e-01,9.887796293727897368e-01,9.766193563548318801e-01,9.984744464329002867e-01,9.950641983960727410e-01,9.954247943037820567e-01,9.806499541295328193e-01,9.936058393879799722e-01,9.996795409067432692e-01,9.991831584602166583e-01,9.989353456314442603e-01,9.998671288170893900e-01,9.602764251760074199e-01,9.931388176890708630e-01,9.943944555433541499e-01,9.898728951468063197e-01,9.875828843601358598e-01,9.995133781256624328e-01,9.993883905936165046e-01,9.998053180354454783e-01,9.979802365340277870e-01,9.971769452222407626e-01,9.999792891190280031e-01,9.695747722701243410e-01,9.928055060739620075e-01,9.993185498921969279e-01,9.997069937744699208e-01,9.979642142162626905e-01,9.872103373138717552e-01,9.898503791104203975e-01,9.930293586972014364e-01,9.973039845042929175e-01,9.837806370975935577e-01,9.400398267806772123e-01,9.999042590923227225e-01,9.818476793280228598e-01,9.747444559144554654e-01,9.584090696049932800e-01,9.973544017068333156e-01,9.975517393555041190e-01,9.720134596517850945e-01,9.995161845928088873e-01,9.979411902822267200e-01,9.918813356018089111e-01,9.995562083330298275e-01,9.947257274633725110e-01,9.926152018238443286e-01,9.995428248516111669e-01,9.866870178807056746e-01,9.999702217611775579e-01,9.887163898341417845e-01,9.958510781205733853e-01,9.373481983728990663e-01,9.634274916064876626e-01,9.981775672733516069e-01,9.997603051506327443e-01,9.993204110147849706e-01,9.999854097127566233e-01,9.992048852489164856e-01,9.922737040382535456e-01,9.987064728821754001e-01,9.995731031741842409e-01,9.938123284657081058e-01,9.894363450372285484e-01,9.914753979998864875e-01,9.960836842265181623e-01,9.999463985923395803e-01,9.999848904253498816e-01,9.936757405087793815e-01,9.787040035241267866e-01,9.748383856950590953e-01,9.855998651787977183e-01,9.635386556642500100e-01,9.976737399416403251e-01,9.668728658316677604e-01,9.962224034861513200e-01,9.949090344580558964e-01,9.999477044104720935e-01,9.992039688831094724e-01,9.802711991086221488e-01,9.968017805562009448e-01,9.963144145885776126e-01,9.969530508432834504e-01,9.532781819561504388e-01,9.999865844082876931e-01,9.999280369963227111e-01,9.979309922478242223e-01,9.973713689604836174e-01,9.995401620766156681e-01,9.996217992920923834e-01,9.602285210980706642e-01,9.993261354815178299e-01,9.956140261846501138e-01,9.898917124094407383e-01,9.974650392698994894e-01,9.934395503257839044e-01,9.998933805902374683e-01,9.942341664775625754e-01,9.947734585883967195e-01,9.540903933560431760e-01,9.984449927986769335e-01,9.799370983686956915e-01,9.963638068092822708e-01,9.984436344719830325e-01,9.438744320721199621e-01,9.979030293783948125e-01,9.696537157626138326e-01,9.485360215904901082e-01,9.575941731314396854e-01,9.713675250435535036e-01,9.442372895900843499e-01,9.806539413022563600e-01,9.881389491689128723e-01,8.676688945126753705e-01,9.864461641316694118e-01,9.344424816986540705e-01,9.440897282639842958e-01,9.152806645363451565e-01,9.880920893586478959e-01,9.928130453017216528e-01,9.474564597585144465e-01,9.782214032699747541e-01,9.911119438156527073e-01,9.743729164297739720e-01,9.952047294156156632e-01,9.697838804679040914e-01,9.984519290320803542e-01,9.674674113428859412e-01,9.815532470835022227e-01,9.829289243786316632e-01,9.979780934855480012e-01,9.975135747523796725e-01,9.781717247305175000e-01,9.551241744990626170e-01,9.548752534997061447e-01,9.889249750714733667e-01,9.994438256655773234e-01,9.999876663559102985e-01,9.999858234819531955e-01,9.990892296643441028e-01,9.535355612032632155e-01,9.801286523441414822e-01,9.975524846696641745e-01,9.987093816802375956e-01,9.814521161777001179e-01,9.772042162834640999e-01,9.762436928829075766e-01,9.999208237209177286e-01,9.686259685269774655e-01,9.858895528552910070e-01,9.918702750778971566e-01,9.302331915537379592e-01,9.208409325797072276e-01,8.944211877502958874e-01,9.360006019578037684e-01,9.205847107925786421e-01,9.578849312322218479e-01,9.072301735700348813e-01,9.044854354767986049e-01,9.543699746754891189e-01,9.833406733451490744e-01,7.348425624644966403e-01,6.941737489076487133e-01,8.884510356244426088e-01,9.455950967787337680e-01,8.761229420669670587e-01,9.697080313280779240e-01,8.556808293444574387e-01,9.976021077475759613e-01,9.530890523773909440e-01,9.995845816834674213e-01,9.691876907043731615e-01,9.831128347340009066e-01,9.997609296013264535e-01,9.952461054484346148e-01,9.997790446941747788e-01,9.915700925155039869e-01,9.710677981754289867e-01,9.218186901473854888e-01,8.876432350028340412e-01,9.736790358389760813e-01,9.967057505514227422e-01,8.642055912578393562e-01,9.427996299735182939e-01,9.904003398942052838e-01,8.708803840184962120e-01,9.765182113923260854e-01,9.873626986251895499e-01,9.293543141978828359e-01,9.394282946633417675e-01,9.995565686488512291e-01,9.987677071631926307e-01,9.999216797343813967e-01,9.837816317740897265e-01,9.301272931429621638e-01,9.438428862071109871e-01,9.675593679758411891e-01,9.950756109561600393e-01,7.688118611585885720e-01,8.250326378351250378e-01,7.862969500259786582e-01,8.371124737252253478e-01,6.866052782712123159e-01,5.780295192961464323e-01,8.708016135584532025e-01,8.021767556349284067e-01,7.318358113688908650e-01,6.139248527351605089e-01,6.036631927340917469e-01,6.347722039784486903e-01,5.443935541090285657e-01,6.972797073636604059e-01,7.563762336432751088e-01,6.380027824622941379e-01,8.780986493064509846e-01,9.147150479052800209e-01,7.268873387029153310e-01,8.864924928123779635e-01,9.896142599599971890e-01,9.732925210825108531e-01,9.420089650137154491e-01,8.846655332755486434e-01,9.367295262882395779e-01,9.754317284303527513e-01,9.946918051040167796e-01,9.633104310199072096e-01,9.648221878223551817e-01,9.963330165724917364e-01,9.320458914639703218e-01,9.649851094846210176e-01,8.613061230093012055e-01,8.901565099019239646e-01,9.391260312272462496e-01,9.504286455303305736e-01,9.565708967022137355e-01,9.843848841503318736e-01,7.456869691352545626e-01,9.696240306385129903e-01,9.928052484221978613e-01,9.755701251011179576e-01,9.853726538652182176e-01,9.982540236767407649e-01,9.916580638587763064e-01,9.772837940147993674e-01,8.177005075777705745e-01,9.500293118441253126e-01,6.252609985039617735e-01,8.730875249031156971e-01,8.005329938180923977e-01,7.247773078365721267e-01,4.890944512607641181e-01,5.665218024379122808e-01,4.773618763023414480e-01,6.822748852008331255e-01,4.461687805327499423e-01,5.200673605839425395e-01,5.700560196335443530e-01,5.270448050402420925e-01,4.815119170966206674e-01,4.100300236338452198e-01,5.550638555614375580e-01,3.914314391200543475e-01,7.679969500907042335e-01,9.014989385953064982e-01,8.090953303558547915e-01,9.426408774911141375e-01,7.294987666992023279e-01,9.620733713929773279e-01,9.343338325142563905e-01,9.759550287730613949e-01,9.882841766096988056e-01,9.999818051950531972e-01,9.953891284439901899e-01,9.812407754241966318e-01,7.964796000973135559e-01,8.624124580262904072e-01,9.641958739768750064e-01,9.307749284706688941e-01,9.168063473024845589e-01,7.788782920031809276e-01,8.987044499782165241e-01,9.504659951624607750e-01,8.822930126169967746e-01,9.956190155310870038e-01,6.596721146623008014e-01,4.668387471841206060e-01,9.705972606210040432e-01,8.218235977583976393e-01,9.759215320064774657e-01,8.551374255854096162e-01,9.180492954665825378e-01,9.721234800043319080e-01,9.228400124575281138e-01,8.822897909372470204e-01,4.813254129838828721e-01,6.239138602952037926e-01,5.483642800257848560e-01,7.892635848252129716e-01,4.801748576250839950e-01,4.802388101778093388e-01,3.534665424108284215e-01,1.751777309221682899e-01,4.774466158168532703e-01,2.779070315090446663e-01,3.726790041612798587e-01,2.075997549461045533e-01,4.241523853292729629e-01,4.062452125716115026e-01,5.236975326722353996e-01,2.805799214726050761e-01,6.164938391321543865e-01,6.639436187200543626e-01,6.520246199683628063e-01,7.372200363082687113e-01,7.529357133340836006e-01,8.377652174997216594e-01,8.429690222399979227e-01,9.395322123716568496e-01,9.929565257896159070e-01,9.901991538592813669e-01,9.917126171054083672e-01,9.553589244889323373e-01,8.942210705615845079e-01,9.742617793236162393e-01,9.697556520600021379e-01,9.767372557957665347e-01,9.892976622982490031e-01,6.242472230395760269e-01,8.798431111274878091e-01,8.738971877021221024e-01,5.371676800617913861e-01,9.844684737108853056e-01,9.130299169625551992e-01,6.343550582220627287e-01,9.611057528241050418e-01,9.623930058405411048e-01,9.420769164187648981e-01,9.870599867429077356e-01,9.444050815301590074e-01,9.504154252874574826e-01,8.470093480358640292e-01,7.108417815978549381e-01,2.795906947826440891e-01,3.407056146628199000e-01,2.422234592314982948e-01,4.954134636995923824e-01,3.869009801975521468e-01,5.352839002811173724e-02,3.292493290464329481e-01,2.346929319015968463e-01,2.563889461505578504e-01,1.401559853470940031e-01,6.955732377125466333e-03,4.874599133613495838e-01,2.632772162415849063e-02,1.665053021220944396e-01,1.368328255096490365e-01,1.268691063932818608e-01,3.088323412416580926e-01,5.412669748793346169e-01,6.704008821306508548e-01,3.810385943582026980e-01,6.542496438637029899e-01,7.664575175335009982e-01,9.233923664930726583e-01,6.703899324166917584e-01,9.726275006650416666e-01,9.989489948672464203e-01,9.492093288471197265e-01,9.624976065787950175e-01,9.717308880165838048e-01,9.103054737766951288e-01,7.513864126890439366e-01,9.541400054177610057e-01,8.813400202081976831e-01,4.192397266287414270e-01,6.366825297311548004e-01,8.802418212586112789e-01,8.921998076088681895e-01,8.762218108153103646e-01,4.395453608272443247e-01,6.818139972884277311e-01,9.982250200989677413e-01,9.802379662610873901e-01,8.297783334184574144e-01,9.473743715454689962e-01,8.831402312014856593e-01,9.962392629074523498e-01,9.579587942173831694e-01,9.400466733947064890e-01,8.748226158222294213e-01,8.531615475232066093e-01,2.677271471814887116e-01,4.564887547048636640e-01,5.496063444000741649e-01,6.820070750184684671e-01,5.213525665351912419e-01,6.259710316187504509e-01,3.948577762319410711e-01,4.732521384484414950e-01,4.533155403607524447e-01,8.159132691495120104e-01,5.525952413289472176e-01,4.537320914319297183e-01,1.865393638805205312e-01,4.484005966040857105e-01,8.642370655378893707e-01,7.550397327511538803e-01,8.488344506601769313e-01,8.758283937940484210e-01,9.956474851920392721e-01,9.534759299757521456e-01,9.679329063241327580e-01,9.980070271173190344e-01,6.588514716190820852e-01,6.520505749010618857e-01,4.696994176265679721e-01,9.391809053018428388e-01,3.338235262351713084e-01,3.852982792988036143e-01,6.086762428496403921e-01,2.495055056446304764e-01,5.268879921522215057e-03,1.108391976830867733e-03,1.705183280219867425e-01,1.265600284677597873e-03,2.265185736973170105e-01,1.556689330820328065e-02,1.628646516884336417e-03,1.239078982975360191e-03,4.806412222675124357e-02,3.006820158457219061e-01,4.997924059590764558e-03,2.565042700911910889e-01,6.614049824819350221e-01,8.901411073547341735e-01,4.250350915305950439e-01,8.079784005516146284e-01
4.214184140003520151e-01,1.417548134659435133e-01,2.069132867078008198e-01,4.687444165534009333e-01,1.830339925531565548e-01,6.755982107375163581e-01,2.866358812925854926e-01,5.009754974091521484e-01,9.363688688904289181e-01,9.999838606261803875e-01,8.915936030045285010e-01,7.998549715789982084e-01,9.818209982058003771e-01,8.739131336084970947e-01,9.376004230472259060e-01,9.969057836371164605e-01,9.113246689288029279e-01,9.988884100687508427e-01,9.685162376073974677e-01,9.994230329127509194e-01,9.853497125627703745e-01,9.999683891242834299e-01,9.053524996273750736e-01,9.095916821136209585e-01,9.767420460981397490e-01,8.230036833203580038e-01,9.396427481412138460e-01,9.354457026842679657e-01,8.311416017317024840e-01,7.161154769992640334e-01,9.950113457474102363e-01,9.037850467042369829e-01,9.819650984564057827e-01,9.927606660716715714e-01,9.920984825327249235e-01,8.097416564704160713e-01,9.621287804268237043e-01,9.858109779038888298e-01,9.985768154777047156e-01,9.940009906647437887e-01,4.008561111279062006e-01,8.276246995399909601e-01,5.475693326795911808e-01,7.971452939397779547e-01,5.679244781642811546e-01,2.062736317550332987e-01,3.739392635338519288e-01,3.722593857207647239e-01,4.525377330043691693e-01,-4.740929298550699555e-01,3.809039475955005027e-01,5.647295493361250696e-01,6.728416028836758933e-01,5.041979033489328854e-01,6.305544625429735373e-01,9.229031305633215165e-01,9.094131924559742952e-01,7.925745989762221777e-01,7.107182318637339513e-01,1.633700745113964570e-01,9.833895397071982236e-01,9.810523267332241781e-01,9.507994646331483501e-01,8.578941200627119290e-01,9.153639278342308172e-01,9.999656704995196765e-01,8.983548679240107582e-01,9.998097332122357628e-01,7.996911373769272080e-01,9.957520416919564132e-01,8.375626617758369363e-01,9.267246765391289332e-01,9.840973085625195349e-01,8.096711455115135347e-01,9.669864427308912935e-01,8.689229096806824204e-01,9.870610963059163190e-01,9.082097990673501098e-01,9.568156622962316060e-01,9.943004696024358990e-01,9.984693001752070751e-01,9.816280483951295155e-01,9.996711890793673616e-01,9.982202318928334872e-01,9.983039832947450121e-01,9.985202197064063645e-01,9.984237097565492602e-01,8.968199700350873993e-01,8.085456688070477016e-01,3.711242353445633468e-01,4.087453519767286214e-01,7.601693873053094741e-01,5.008971940204508533e-01,4.272989638401780699e-01,1.403749974081363316e-01,8.476532858244121282e-01,8.022803919311811693e-01,6.230148826956843910e-01,6.826591648420653469e-01,4.993491759827430043e-02,5.557939320042946107e-01,6.893108788473519821e-01,6.428056335636327390e-01,8.098148854918763018e-01,5.602026023064472504e-01,6.296921793469374418e-01,6.456995182153271173e-01,7.733504772274917283e-01,7.461360907415541810e-01,9.688132690887220067e-01,9.910393355986025776e-01,9.392598028986958170e-01,9.990448812595238426e-01,9.991998328678620700e-01,9.999852807863014448e-01,9.966542951943587747e-01,8.930116561989376311e-01,9.919186728567294109e-01,9.031399713963779163e-01,9.980237800383952029e-01,9.992820286810456532e-01,8.523233038573985176e-01,9.973537586041177905e-01,8.043182750061472763e-01,7.372377340563094350e-01,8.964445802046554501e-01,9.341595779469579197e-01,9.767748240185983866e-01,9.881268677671550815e-01,9.161575345577762652e-01,9.958995886527168828e-01,8.638521751892226375e-01,9.986167557780327719e-01,9.405215617683104767e-01,9.977271246029304486e-01,7.435837452646658630e-01,5.503521517259665208e-01,6.635528376316256471e-01,5.895402406504185455e-01,7.416442894970785016e-01,6.864919202943433607e-01,6.180102287092635871e-01,7.508597884785789267e-01,4.059053231891515678e-01,5.864742094931718608e-01,6.956289062485441210e-01,-3.636332924847627823e-01,3.849442953448875548e-01,6.984947601194035904e-01,2.404120725448699591e-01,3.447201475174291874e-01,6.286997479757513441e-01,6.084457828184330896e-01,9.280097500352439965e-01,8.659740841787281207e-01,8.003299363753023643e-01,7.628092679926163910e-01,8.112305764411289477e-01,9.717916127011115845e-01,8.865114406183615126e-01,9.500155900165311307e-01,9.767145824307099655e-01,9.129640996198964409e-01,9.925431727649618452e-01,8.844581010524260600e-01,9.848866066934017782e-01,9.931016319889603983e-01,9.754753050123619040e-01,8.801240201309341593e-01,8.999441923446285241e-01,6.694040043924652794e-01,9.764829510184935835e-01,9.646968361908218048e-01,9.716628748484938960e-01,9.110359960868146256e-01,9.941108543399245212e-01,9.521507153255313050e-01,9.983967938731385106e-01,9.276219199363524570e-01,9.492712836276472332e-01,9.953938846135959029e-01,8.979938009644055086e-01,9.966920193074384482e-01,9.986306850936451651e-01,7.985474408782752276e-01,7.245050267874736383e-01,9.174180127789806072e-01,7.244911134802830555e-01,6.562695287395943211e-01,4.230328838679153769e-02,4.835059328269127321e-01,7.554711490010571628e-01,1.528832042418875881e-01,8.563433216170048823e-01,3.162333864401170036e-01,8.629566988531138516e-02,4.588468808025097934e-01,9.484341808809795826e-02,6.851574674877032312e-01,1.222400862250621612e-01,3.004373859190991869e-01,7.793814910015164354e-01,6.922058655087499623e-01,8.336113591139306944e-01,9.993264618223851592e-01,8.055810295751011374e-01,9.333842516235146824e-01,8.971475761532343718e-01,9.944546627738585221e-01,9.845764531878179460e-01,9.988511943077442723e-01,9.795336074802867277e-01,9.999223125789102884e-01,9.879790879982056628e-01,9.253106395748452728e-01,9.989757688200655572e-01,9.545601930059116613e-01,9.169556491525890918e-01,9.381843426748733838e-01,8.217741895018448872e-01,9.947822169276332449e-01,9.683970555327108265e-01,9.651539553548474926e-01,8.544042341773688820e-01,9.956550945482837145e-01,9.977843826411446626e-01,9.747261190660305719e-01,9.936533083818994694e-01,9.886734824237919383e-01,7.682620786246487921e-01,9.419824434318224693e-01,9.563290279664543592e-01,9.321564963350409405e-01,5.948351307409485145e-01,6.298598508874031499e-01,7.393475712988959447e-01,6.712380689466754813e-01,6.993031193740476548e-01,5.711157069456052060e-01,4.602518734667489508e-01,4.530216237455612083e-01,-2.966733697241144552e-01,6.360388605571867249e-01,3.116017564605106371e-01,5.483407506445491242e-01,5.809229600890205569e-01,3.755704108426822369e-02,5.192449155529075266e-01,6.279263738885433321e-01,5.500207942350435752e-01,8.173873047152677707e-01,6.706098996465459372e-01,8.289736924650341621e-01,9.539977984861601756e-01,8.303746324079601671e-01,9.961957649649543223e-01,9.793625156733292147e-01,9.743316903219403358e-01,9.987759212226205996e-01,9.998961639748593644e-01,9.999949564577395034e-01,9.557714889072652653e-01,8.618037408637337915e-01,9.499118551738906513e-01,9.942109736259244768e-01,9.942952222935623752e-01,8.504532173550179985e-01,9.906020510678534841e-01,9.712800308524585091e-01,9.642958335868883069e-01,9.705118671406577358e-01,8.834863618396682217e-01,9.185234936291351016e-01,7.274058546497386146e-01,9.875902575204492662e-01,8.543925160232651583e-01,9.899542731402427576e-01,9.731494875354285146e-01,9.216849656394056067e-01,9.262961997019112381e-01,7.589622977236929469e-01,8.234143883998867874e-01,8.941833376482866136e-01,2.165942955770061851e-01,3.820717020092285754e-01,4.037619036265051031e-01,8.417426044304154864e-01,8.937622594980850765e-01,3.312685853587866713e-01,3.869872208361927468e-01,3.395004320444867246e-02,5.456924063165261574e-01,-2.263929593610571750e-02,1.423480859352648231e-01,3.779161981937022574e-01,2.543020014741409485e-01,6.752057941795843732e-01,7.722082351180520332e-01,9.012284536925748712e-01,6.784577696646838518e-01,9.601798590871913897e-01,9.962317155082627274e-01,8.738032074281760764e-01,9.769657274126081203e-01,9.826439753336002614e-01,9.877984144355351770e-01,9.623783080088768038e-01,9.957678011402892881e-01,9.989805283278447856e-01,9.966729319712680502e-01,9.254312336424831420e-01,9.923124849141018444e-01,9.957997541577181533e-01,8.172636412116927040e-01,9.815104309648388092e-01,8.719868295997660335e-01,8.650639215848463515e-01,9.513031365843945819e-01,8.389165611393252231e-01,8.657599446251248443e-01,9.993483013943468274e-01,9.970177121338033022e-01,9.665805750648602812e-01,9.343049306426925993e-01,9.811297788451804891e-01,8.697101262557598300e-01,9.734231360213004836e-01,9.884646581632411388e-01,6.020785703865686456e-01,6.228800959415952132e-01,5.286728153488972071e-01,8.553082179790983952e-01,6.229485831629086867e-01,5.901301282167339401e-01,6.112618820276088938e-01,3.946475820765796838e-01,2.674081503389095782e-01,-1.259481968483857350e-01,6.194634667158344099e-01,1.343439255370041663e-01,3.601073374530006088e-01,7.104279060113156685e-01,4.548861968482411505e-02,1.872182084867940743e-01,7.608952575123291151e-01,7.287414243319604301e-01,7.911811344001884461e-01,8.703438546652015884e-01,9.605562455879833594e-01,9.771896292515268589e-01,9.721441943724119517e-01,9.556038257469781083e-01,9.522395650422065261e-01,9.975670504131550764e-01,9.490782373569585095e-01,9.461610473790518228e-01,9.704687709446504496e-01,8.824207937634203081e-01,9.996332352062429205e-01,9.525511533514073870e-01,9.178547614237508867e-01,9.038390711231203412e-01,9.995994341300792341e-01,9.874284638601151798e-01,8.436029209836595211e-01,9.999688973058898922e-01,8.545666482106580863e-01,7.316127129331390089e-01,9.024209114547422361e-01,8.607047234169481476e-01,9.660369068067656828e-01,8.531461456898707940e-01,9.927977765892197493e-01,8.862498504176169467e-01,9.582178220314517825e-01,8.939692296111865222e-01,4.303392479818357041e-01,4.990038253546383307e-01,8.876473538579963130e-01,8.342797164590409764e-01,7.008866729935487871e-01,6.963300369665103018e-01,4.791984390463564503e-01,4.648947742488218626e-01,7.779218393408161569e-01,2.989854361443264330e-01,4.714143860553832721e-01,3.873304092903046558e-01,1.772681509325685634e-01,5.770257128343038167e-01,1.585454107067754137e-01,2.091118025591452989e-01,9.896587842757904596e-01,6.129086441580352540e-01,6.552397151395055186e-01,5.170118713782442255e-01,9.092831719367153731e-01,9.874389076635948781e-01,9.999116744587491779e-01,9.351336515460010324e-01,9.843506935824518633e-01,8.535920166979080737e-01,9.532573104111927709e-01,9.967504681457245441e-01,8.701221453523744209e-01,9.192493078271189999e-01,9.967994798566720549e-01,9.257784020506470979e-01,9.433437726968650905e-01,9.899135223651434057e-01,9.120516916033185595e-01,6.936353171796896255e-01,8.010998049968163226e-01,8.394931449151555869e-01,7.061252942606887073e-01,6.221316365353958266e-01,9.947814510377792629e-01,9.411194246101123317e-01,9.994448388300649633e-01,9.999682613240382656e-01,9.600163606426183049e-01,7.677538540962285385e-01,9.409717156552493966e-01,9.828548365417656418e-01,1.745305197189832291e-01,6.477326359659578703e-01,8.251365721382504237e-01,7.237942398236977271e-01,1.580196536823635922e-01,3.442071964106253601e-01,5.445593022047479081e-01,6.082617036956454726e-01,3.637824975831082663e-01,4.882061678781526304e-01,8.062266275440042040e-01,1.115073014228994130e-01,6.406154977723002020e-01,8.393831070499173375e-02,-6.973985429329838948e-02,2.422002353452262779e-01,5.538906287984742827e-01,7.950956514890855642e-01,6.719138675879308131e-01,7.418521629349821289e-01,8.263787990866220401e-01,9.902258313177501048e-01,9.576160644214477546e-01,9.047227662815766625e-01,9.883264763394784547e-01,9.786755639435373855e-01,9.544828354800898307e-01,9.615797310523495067e-01,9.944224027578322245e-01,9.697177646201640133e-01,8.951803912353980541e-01,8.795014622586799780e-01,9.933726237041438090e-01,8.620480240628555224e-01,9.878363084985631870e-01,9.447030979088743008e-01,9.288496610077583426e-01,9.377285517482676358e-01,7.799343468178092653e-01,9.987285043085700753e-01,9.837105125163305708e-01,9.998087446632688557e-01,9.981430572908301935e-01,9.805205078804870578e-01,9.994218313813589827e-01,9.034031826111749153e-01,9.424140082766050419e-01,9.969192894281073691e-01,-5.084015903470765103e-03,4.522850919308374906e-01,8.990231526633040149e-01,8.512797822313463714e-01,6.830869467997748856e-01,4.729291664614189705e-01,1.301698162093468947e-01,7.081631766810679851e-01,4.583076134775997956e-01,5.879018362916730300e-01,-4.397724982081775702e-02,1.390949125031712141e-01,3.972600343021216451e-01,-6.215871378470430586e-02,1.572971321854227666e-01,-4.637507186112316965e-02,5.399136751199392625e-01,3.436970841911577979e-01,7.855581380862646235e-01,9.340248538514762666e-01,8.475618475016170050e-01,9.936495487367836832e-01,9.788179823801395063e-01,8.280858265173195454e-01,9.898975933996697618e-01,9.941308474757521996e-01,9.996105409274194109e-01,9.553970617828759782e-01,9.679153269759849243e-01,9.999998831724228321e-01,9.979464120222807377e-01,9.748078098832276828e-01,9.403217139711493866e-01,9.782732544175272160e-01,9.884031784670622711e-01,9.956958492511337466e-01,9.994845713771677298e-01,9.978671425126506289e-01,6.669689274806704926e-01,8.911438440140234674e-01,9.722116629454832237e-01,9.916998928545460723e-01,9.687789511736497605e-01,9.997377855950022596e-01,9.966435643068644046e-01,9.358863957099040620e-01,9.035712382449029301e-01,9.891505343169567643e-01,6.022019442151295143e-01,8.839067354048932845e-01,6.908873868774657589e-01,7.019381405567914900e-01,3.634786611135785717e-01,-1.549498223267063157e-01,6.198154655845744543e-01,7.341079448090482851e-01,6.290489663882421478e-01,2.285916176395510757e-01,8.029713639776584477e-01,5.272163712447420769e-01,6.065169291147355368e-01,4.507132053568460583e-01,4.767368071299571408e-01,1.726337730113035318e-01,7.949341896603728808e-01,6.851445730554105440e-01,8.182404559333774641e-01,8.215691920036219953e-01,7.784363401540482785e-01,9.089865695437175930e-01,9.788487018941265383e-01,9.656741437887196300e-01,9.949254201656302365e-01,9.546973403845036010e-01,9.979460165598146304e-01,9.932588228860600443e-01,7.327084409741168036e-01,9.241920669312808645e-01,9.310990844464052119e-01,9.354535928163116854e-01,9.926689331603231192e-01,9.920908056863297908e-01,8.959166660772429625e-01,9.207532796777430084e-01,9.752697026756498300e-01,9.995628111682909323e-01,8.888880568499374357e-01,9.999922989424291364e-01,9.881099429295929770e-01,9.188301757773263967e-01,9.999705995872263387e-01,9.990024264551334854e-01,8.385946008794273876e-01,9.492431294927565766e-01,9.949405144562534220e-01,9.929578877615683474e-01,9.029546163735768793e-01,7.273203130674297245e-01,7.643544418382456351e-01,4.791226980607890540e-01,6.242479931057451914e-01,5.337401884534485053e-01,2.678200071353568912e-02,1.427350855008245045e-01,-6.853652065246323977e-01,-2.387211289056818259e-02,6.355580887627623188e-01,3.655050828780483929e-01,2.473102857438567448e-01,7.365758553392669494e-01,4.708187093192156558e-01,4.564322519460105032e-01,5.922882132305825609e-01,5.393281392736418711e-01,7.264308127076418709e-01,7.528471406790918641e-01,9.212914586195174449e-01,8.671810811873950087e-01,8.681990436788258325e-01,8.890146408180227278e-01,9.996683315334721209e-01,9.977416707909924076e-01,9.427815262122491990e-01,8.362129700285800826e-01,9.485639894063804256e-01,9.614131666454570624e-01,9.998590469575455719e-01,8.645683203176043330e-01,8.820056481639112489e-01,8.656305019176200322e-01,9.911573082892675135e-01,8.470802567353986623e-01,9.435401473746403145e-01,9.797244419379316227e-01,7.784611252593218733e-01,9.916492725466142799e-01,9.759531290865460784e-01,9.959589263798978021e-01,8.962020146091023154e-01,9.995078789388009977e-01,8.959014922643647738e-01,8.477428944983386172e-01,9.342977117698826328e-01,8.734557105451415948e-01,6.596766599001600007e-01,6.821824425045945883e-01,5.038339160607743228e-01,7.876598423484857392e-01,2.612855152676475390e-01,6.837237298669111007e-01,5.418175049589541992e-01,4.359954136035077421e-01,7.291174587664297491e-01,4.705061470007328994e-01,7.175202507760478632e-01,6.807184308945897211e-01,5.254743051042641833e-01,4.644839941866729660e-01,4.128264271009911557e-01,1.518289263763787644e-01,4.853114022519087745e-01,8.535250181837967798e-01,9.517614206239557451e-01,7.045993463515545230e-01,9.913909976572818916e-01,9.948802013007235212e-01,8.492442008004832399e-01,8.685296742593417996e-01,9.900855064911134873e-01,9.648842837479808532e-01,9.941205280022382684e-01,9.975934172362322938e-01,9.914075456020781107e-01,8.713121773295586792e-01,9.999747426404126394e-01,9.978932200829588872e-01,9.714622628137177252e-01,9.960042518679333989e-01,9.996637328401433154e-01,9.999859298155838738e-01,9.001920400067688899e-01,9.848417242121195736e-01,9.758372513378157365e-01,9.527419790143920597e-01,9.938141709726578954e-01,9.598158254382188614e-01,9.291126706672979685e-01,8.702731548351921864e-01,9.484768768501631309e-01,4.151097213008576592e-01,7.979705788083298890e-01,5.311871131484846575e-01,5.290508085849626729e-01,3.473306013909362444e-01,1.806003003961594022e-01,2.254629295981837589e-01,-1.207057959667281327e-01,-3.048992261531197068e-01,-3.506274777875547088e-01,-1.659090808871713230e-01,-5.304626673875845189e-01,-5.608494906902652399e-01,2.641986767306272327e-02,-6.534021459271854848e-01,-3.405960765688771930e-01,-2.341852252703495452e-01,-3.147790230846507775e-01,-4.553777025090345876e-01,1.893909414009596337e-01,4.554317494806767730e-01,-1.114847879891927018e-01,-1.505845330294112820e-02,3.636369053297320852e-01,8.276015378255583421e-01,3.714608811677310163e-01,1.262182781778300455e-01,6.360954160223946108e-01,8.618642772236366767e-01,3.777617231747313897e-01,3.933300820574194279e-01,7.296688694865270941e-01,5.955983653990922777e-01,8.405574385557365025e-01,8.994065318277961740e-01,8.608874111735267398e-01,4.742487644211810238e-01,5.952473647460534423e-01,6.542298307027216708e-01,5.357571626500513551e-01,6.298512969423989416e-01,8.569996486105520006e-01,7.305130685696480386e-01,5.241599480059058180e-01,3.367345988583690941e-01,6.364365507258831212e-01,6.483020246666421071e-01,-6.061396171694994478e-02,2.574269868021943353e-01,-1.369056536438720273e-01,-6.204893222147014192e-02,-1.599004619916294945e-01,-4.949914880425037023e-01,-5.753027617659440818e-01,-6.144914803969410144e-01,-6.317467294498275709e-01,-6.937832539792463393e-01,-4.924723206853515722e-01,-8.172766117995914348e-01,-7.132667334654513303e-01,-5.117357277129006565e-01,-3.133783202647502653e-01,-9.997787643989787254e-01,-9.061258587423625110e-01,-8.824192323222290746e-01,-6.906461017447093065e-01,-9.130031548370028949e-01,-3.200726594084182253e-01,-8.227343928708208409e-01,-1.617863257189345594e-01,-5.282633226205487587e-01,-3.655358266937737410e-02,-3.707065032905843549e-01,-2.972092694411201941e-01,-5.780965123849696879e-02,1.042966772314168900e-01,-7.480332927152934241e-02,-2.456671278932152369e-01,2.616107884571265418e-01,4.478675775486786192e-01,5.408682261299506688e-01,1.921907081998442124e-01,-4.100428175476637099e-02,5.501264951595099539e-01,2.918871486795578951e-01,-1.919898061572881259e-02,4.855759667989001938e-01,4.727943261664323271e-02,-4.777316461199438563e-02,2.325854324210520907e-01,1.649593981931188891e-01,-3.549035341166387747e-01,-2.798189799527381894e-01,-3.457735236987358740e-01,-1.122404223102772131e-01,-7.738242264335679632e-01,-7.505307336992963485e-01,-6.750852343125008925e-01,-5.091195635339584857e-01,-9.890006505262698422e-01,-9.728552587099621451e-01,-9.879088194617365870e-01,-9.560652564439817702e-01,-9.940336531171380940e-01,-8.644190345167641620e-01,-9.791340325456179272e-01,-9.935882318966554605e-01,-9.983045788749723704e-01,-8.453719071515788386e-01,-8.403024187587714300e-01,-9.287238978386107568e-01,-8.089346927187999192e-01,-9.832048882410098223e-01,-9.956182737430914198e-01,-8.904360352150672009e-01,-9.619465356433630765e-01,-9.128863254953213380e-01,-9.956153100974818315e-01,-9.531528970821749880e-01,-7.384176274392613148e-01,-8.029763866827248631e-01,-9.097509118758946300e-01,-9.722259831203605707e-01,-2.926029273791493912e-01,-4.992818399161905729e-01,-6.729357041474904877e-01,-9.553615959233432431e-01,-5.625790590348712650e-01,-7.191790750193791659e-01,-4.860022577833432722e-01,-5.802299637438057545e-01,-3.547688231216808430e-01,-4.466953939780977101e-01,-5.607447200369031215e-01,-6.459482386588015768e-01,-7.088682179402835404e-01,-7.952002344021673608e-01,-2.105880426786953807e-01,-8.108095375923466408e-01,-8.147604545689218769e-01,-7.460721473094249490e-01,-8.327531547996654959e-01,-9.103620338759994546e-01,-8.980618732928292713e-01,-9.727091482240106668e-01,-9.667587442436230694e-01,-9.884797130871377790e-01,-7.898653187213319216e-01,-9.967048057942208272e-01,-9.660688872936133986e-01,-8.945548736456303551e-01,-5.888387164828963183e-01,-6.775007374311766695e-01,-5.465498792003175010e-01,-8.387697948366328315e-01,-3.920169030682965627e-01,-5.649497410997845748e-01,-5.825183444159270918e-01,-4.391480901426058625e-01,-4.516391824338753525e-01,-3.524509115443083540e-01,-5.800474838768794328e-01,-2.330458774626611995e-01,-8.866195079890243358e-01,-9.933881425598762860e-01,-9.186562731361200829e-01,-9.994994199536501034e-01,-8.066058078692075473e-01,-9.856324808714667096e-01,-9.894608229609980210e-01,-9.999611407688595577e-01,-9.686600389133094291e-01,-9.997272087977484567e-01,-9.833911088184960070e-01,-9.543267497607100802e-01,-8.049589617413008824e-01,-9.044365551730441100e-01,-9.967466154408324286e-01,-9.523030114952981684e-01,-9.715962291121277294e-01,-8.749830698961952313e-01,-9.689109396831870891e-01,-9.999993762824275212e-01,-9.872590421607766453e-01,-9.630548844958347621e-01,-8.500906471531557429e-01,-6.839327793276309686e-01,-9.999070127334698244e-01,-9.221604941933476685e-01,-9.994315697769403650e-01,-9.537729758458507456e-01,-6.713972526944603780e-01,-9.017899815900541904e-01,-7.718087925355332501e-01,-7.032394771736083516e-01,-1.272385893743556429e-01,-4.564057520709287052e-01,-3.155755955797746592e-01,-6.545269739895551719e-01,-2.020158612452099545e-01,-1.423807952296085311e-01,8.725505792247920112e-02,5.180091369416992553e-01,-1.681467647388484588e-01,2.452492103336280094e-01,5.786614135962784428e-02,4.143217537145567064e-01,-4.037835939563212684e-02,1.142353978300167210e-02,-2.221863262674262929e-01,3.024497348260422047e-01,-3.359399326225663840e-01,-3.904150482693969915e-01,-3.639213732913281762e-01,-3.912324260566162892e-01,-2.686496029911504824e-01,-4.283878670524579602e-01,-5.928352983287779043e-01,-5.084125233616569872e-01,-5.712030349351809866e-01,-8.585543661133578919e-01,-6.454229617817971443e-01,-5.388543063135771138e-01,-8.676156235719443277e-01,-7.714868177742251198e-01,-7.398112272257696409e-01,-7.219954776361695581e-01,-7.142241342196845588e-01,-9.640010944023820194e-01,-7.771225423713138403e-01,-7.647332502483351613e-01,-9.807903704582329185e-01,-4.014456296631569998e-01,-7.589167248855755998e-01,-9.328315683782755219e-01,-6.149649549286596573e-01,-6.215169184608617670e-01,-7.216154720026592972e-01,-5.799605683446019677e-01,-4.459133049413296912e-01,-2.840539325563685713e-01,-1.750145832201857043e-01,1.178070165196729857e-01,5.247439108646281269e-01,4.836276108590011336e-01,6.395882686871670053e-01,2.173322386653049332e-01,4.923519365185782259e-01,9.521564571997701565e-01,5.473196256337989896e-01,6.470650863062979985e-01,6.087202885709158684e-01,8.186663427125718817e-01,9.999796462925977236e-01,3.364028559089012327e-01,9.874334611167003839e-01,7.859771533910252517e-01,8.572164097395095217e-01,8.825157286446374538e-01,6.391633119363139270e-01,5.074204999626354962e-01,2.675163400521201607e-01,7.091873335676174284e-01,4.980406160083595268e-01,2.923882971698479327e-01,-3.299212433161483743e-02,3.630781266683471564e-01,-3.848320784647081827e-01,-1.490352076726848829e-01,2.870877443127005102e-01,2.916217552920645772e-01,-8.570137623282342298e-02,-3.409375267274226268e-02,-3.178370970253681649e-01,-1.247162247097851201e-01,6.448268970043435910e-02,-6.353339781900712024e-01,-3.223679193998177928e-01,-9.499077373573712457e-02,-5.019814790745259769e-02,-7.269830769071410417e-03,-5.794852476884820858e-01,-4.570143443670027922e-02,2.710062524308320397e-01,5.221009081092011783e-01,-1.671304178895723358e-01,3.910165803902140857e-01,-1.015987535612597609e-01,1.471153695349859680e-01,3.121013280427328285e-01,2.112320259805357814e-01,6.296545313921856346e-01,5.820056290743972349e-01,9.169900213036425995e-01,7.907511715998948310e-01,7.825041080988351938e-01,7.076667244789979216e-01,7.790665885002190372e-01,8.616281337749113201e-01,9.557326337472253908e-01,8.622429829442247451e-01,9.666668146111179194e-01,6.296215499884049160e-01,8.197742811106788485e-01,8.499728551803851229e-01,9.994180747521996810e-01,8.336756705285179869e-01,7.539257162836160431e-01,8.134886807774395212e-01,7.608134396320105353e-01,6.316370033342922907e-01,5.321601046337784968e-01,7.577438024571685471e-01,7.395516156802464103e-01,6.100051198827709520e-01,3.399421654973829310e-01,5.103979218648557747e-01,1.528023616634869575e-01,6.800555794734535198e-01,2.338176463394367743e-01,2.662972489891788919e-01,5.858045951497028447e-01,3.442608344689358502e-01,-5.763179420493939054e-01,-4.502173261342296007e-01,-9.375705670654170820e-01,-3.992882028625031055e-01,-9.998593841833012252e-01,-4.930011437775961292e-01,-3.059896031362405733e-01,-1.220098645907637253e-01,1.240251216947386714e-01,4.523427921325923751e-01,-2.234627460338892979e-01,5.816759549932686291e-01,5.958871123473125087e-01,8.863182868980887807e-01,6.198085828934321029e-01,8.400912122181707353e-01
-2.517682022655214347e-01,-1.984175424096560336e-01,-2.488259154869275902e-01,-2.354729576380667766e-01,-2.351709938650122234e-01,-3.019425833181273444e-01,-2.243149572418742799e-01,-2.657360986480958864e-01,-2.764705759939898311e-01,-3.054179996227144867e-01,-2.888963065614822412e-01,-2.322385299702309780e-01,-3.225890428816342581e-01,-2.365544849687277185e-01,-2.506255116432681840e-01,-2.828933177974577995e-01,-2.731765556956470276e-01,-2.458569116079414862e-01,-2.725566268486293020e-01,-2.563869794445127193e-01,-2.201483367190467111e-01,-2.139918479362751813e-01,-2.528127572694530145e-01,-2.714730247664695617e-01,-2.377147704355293822e-01,-2.753561401034647083e-01,-2.418133852402002126e-01,-2.683073654360741966e-01,-2.465058515804371408e-01,-2.689755276568699394e-01,-2.193269947922605045e-01,-2.761597234457764394e-01,-2.249655167437046854e-01,-2.593935374556406992e-01,-2.639113633982168028e-01,-3.044394673056274869e-01,-2.398199517178424278e-01,-2.818639857829647322e-01,-2.736088325627161200e-01,-2.519081925150913337e-01,-1.965504860632151241e-01,-2.437904441775390341e-01,-2.308052542255574213e-01,-2.526862190614759807e-01,-2.612375517534643032e-01,-2.440416482550864241e-01,-2.452622844305327732e-01,-2.693713488218481555e-01,-2.198276423427794335e-01,-2.590805488778625265e-01,-2.470294292554573445e-01,-2.794540776767842627e-01,-2.912391761824981717e-01,-2.499626967898030128e-01,-2.864918431882514938e-01,-2.872064047715924828e-01,-2.689370797714171202e-01,-2.421389511829791785e-01,-2.451436516114919029e-01,-1.940778718951196580e-01,-2.753815043240863680e-01,-2.464014036350365144e-01,-2.565859834907591175e-01,-2.086972969039062598e-01,-2.122750761177311929e-01,-2.404541946809271025e-01,-2.977947034601955978e-01,-2.356276076633685157e-01,-2.788316131284270805e-01,-2.373003075759785863e-01,-2.774979400293829390e-01,-2.561441628506476720e-01,-2.214884538977627271e-01,-2.826622198167282329e-01,-2.343627086002615101e-01,-2.686378568310935355e-01,-2.118827294987642440e-01,-2.702150785283964352e-01,-2.234786568787194005e-01,-2.418381609217517825e-01,-2.233492051651241317e-01,-1.948652921286586348e-01,-2.405939684749259511e-01,-2.506467458440734264e-01,-2.957088353524542357e-01,-2.619356180457789729e-01,-2.868808854691267118e-01,-2.353942659885957245e-01,-2.414574919068100123e-01,-2.366838657900822984e-01,-2.276317664877339497e-01,-2.626086222404763748e-01,-2.159828828897197850e-01,-2.283855665033248661e-01,-2.439401031949380849e-01,-2.894546355201891297e-01,-2.757547136389588149e-01,-2.393166603192325714e-01,-2.866721517192037938e-01,-2.699942475511629691e-01,-2.347287465273540652e-01,-2.728014436423968347e-01,-2.692842292556481554e-01,-2.872826469611932665e-01,-2.242316715155041607e-01,-2.245298355945987701e-01,-2.343893931652419882e-01,-2.261054412391195756e-01,-2.212613759890766363e-01,-2.539787684823083813e-01,-2.566373945980885973e-01,-2.636456899070674376e-01,-2.411812806718436897e-01,-2.566502096687219292e-01,-2.492765389239052498e-01,-2.491792653884163100e-01,-2.642320417728655224e-01,-2.379961681557981046e-01,-2.770601571279588948e-01,-2.279989216250594974e-01,-2.135491299661701481e-01,-2.745052372829610010e-01,-2.302952852967004582e-01,-2.552473069383992543e-01,-2.876388606933101832e-01,-2.408913489231986893e-01,-2.452583376857624953e-01,-2.305802203902928282e-01,-2.376578076671301831e-01,-2.751668374848201259e-01,-2.658435572791033041e-01,-2.751402958690234990e-01,-2.440504095214182101e-01,-2.521375410579934639e-01,-2.537761885879166179e-01,-2.096703632147234320e-01,-2.115230072962047958e-01,-2.582147698768469390e-01,-2.471978674790605290e-01,-2.380614584013609758e-01,-2.542225806990185411e-01,-2.673031914612490900e-01,-2.677385453573321028e-01,-2.535394260263146293e-01,-2.378174058447787009e-01,-2.718375982363956389e-01,-2.198727216697223541e-01,-2.291785466437208652e-01,-2.528457914431347375e-01,-2.219990782441721155e-01,-2.717526664592131991e-01,-2.560673924109810318e-01,-2.422246237443556882e-01,-2.504411188513381847e-01,-2.370312254374023486e-01,-2.489325054207116583e-01,-2.253019248642826322e-01,-2.351710588614861208e-01,-2.754813036173537899e-01,-2.400184185902548006e-01,-2.208451719384439405e-01,-2.384348807208725995e-01,-3.032024764240888737e-01,-2.332960018702892879e-01,-2.821348495803877587e-01,-2.398563980331982204e-01,-2.302880138375974495e-01,-2.388087719721276592e-01,-2.637237339221639165e-01,-2.501016873825025466e-01,-2.923018818810064756e-01,-2.398499821060905979e-01,-2.538104865258118958e-01,-2.254340652233228492e-01,-2.306567933776586532e-01,-2.158043052446180499e-01,-2.725434426770935725e-01,-2.320146824121331608e-01,-3.002205924807249682e-01,-2.759421591146938857e-01,-2.987898382513062834e-01,-2.159903896618548813e-01,-2.701216878121310283e-01,-2.924018635615881490e-01,-2.525500155123309720e-01,-2.620933266823999852e-01,-2.954639100773601146e-01,-2.345221285768697150e-01,-2.362393962054505636e-01,-2.133370677978556895e-01,-2.835303225536194294e-01,-2.951415439779795369e-01,-2.272048406069759330e-01,-2.923200225234328653e-01,-2.217597338380222771e-01,-2.538695960724589584e-01,-2.641458017395689195e-01,-2.049767049632740257e-01,-2.696222356998288494e-01,-2.538871906832775860e-01,-2.011223365929726559e-01,-2.673756590229974250e-01,-2.561769166427301792e-01,-2.474106385991731438e-01,-2.994287763206339714e-01,-2.412561639557787851e-01,-2.498564670864939496e-01,-2.466843626362724973e-01,-2.624477866723204378e-01,-2.344920925785328181e-01,-2.492120355457015934e-01,-2.670973192115491113e-01,-2.230813911381276660e-01,-2.459409817224933181e-01,-2.688345433674080298e-01,-2.421290777985270204e-01,-2.598322490199554413e-01,-2.300617547156891263e-01,-2.274192921030711023e-01,-2.607569746539622479e-01,-2.197112773105703021e-01,-2.445263017041005016e-01,-2.530110479915357868e-01,-2.803552999992178218e-01,-2.320637341149799360e-01,-2.346107868729736534e-01,-2.262382534045309368e-01,-2.484529331297045673e-01,-2.763312884548657644e-01,-2.004859420560006211e-01,-2.537940208188855795e-01,-2.287727171852831087e-01,-2.847591357788833433e-01,-2.344517358088747949e-01,-2.399717730714433783e-01,-2.486923838890791327e-01,-2.441541084069781264e-01,-2.936050252807276273e-01,-2.574304302474113015e-01,-2.224047606116045794e-01,-2.427159081928681739e-01,-2.274108599108696505e-01,-3.058825026945062864e-01,-2.635947189796254420e-01,-2.607071223864339538e-01,-2.691694934860193178e-01,-2.380538164007451052e-01,-2.514514331155665583e-01,-2.460084737619339934e-01,-2.442785198484600795e-01,-2.630162208627409015e-01,-2.539340936973226714e-01,-2.370232897873131295e-01,-2.481618443353931502e-01,-2.211295095680251566e-01,-2.808840953923705808e-01,-2.768737470905848208e-01,-2.822198879978305985e-01,-2.523025038431476186e-01,-2.590868529151186817e-01,-2.402603742764750916e-01,-2.474834136038106813e-01,-2.826441216159874537e-01,-2.520285712590286109e-01,-2.004607716276960716e-01,-2.229646308560934709e-01,-2.771803535364724125e-01,-2.049766808974098908e-01,-2.462620043823881832e-01,-2.392976601252448099e-01,-2.115685147766158680e-01,-2.443636551283871750e-01,-1.999614723759355617e-01,-3.103242271323636836e-01,-2.491940553558298355e-01,-2.801360998862593710e-01,-2.382288815877852961e-01,-2.431427898808257992e-01,-2.553857909596315423e-01,-2.446268605680813613e-01,-2.565064648546175330e-01,-2.451900164273905780e-01,-2.731536910256334161e-01,-2.335467785330149759e-01,-2.591456363260672968e-01,-2.546634375194010702e-01,-2.916895568684754192e-01,-3.108943151339741418e-01,-2.411554821133148341e-01,-2.403418639164115467e-01,-2.708250123056212821e-01,-2.460622464698910827e-01,-2.526877197516635976e-01,-2.208376728334174033e-01,-2.729877824644619810e-01,-2.514429892137768352e-01,-2.287874138995302786e-01,-2.522794084169979190e-01,-2.724273376022736115e-01,-2.387896073000336516e-01,-2.799207975480997868e-01,-2.941860264133324687e-01,-2.287180150494227404e-01,-2.759218345441386000e-01,-2.467668449687188403e-01,-2.662021934344632190e-01,-2.821961974093990522e-01,-2.723839904075839313e-01,-2.313867968719545976e-01,-2.461326583021322678e-01,-2.691902766179927187e-01,-2.471973740253774476e-01,-2.166043965628282608e-01,-2.872463558815753215e-01,-2.251796196953322893e-01,-2.720537752266515841e-01,-2.702824485486793327e-01,-2.398570757596412140e-01,-2.528151481966388059e-01,-2.472441634263840005e-01,-2.440836492552925230e-01,-2.405467803720134079e-01,-2.734690970317750214e-01,-2.943080852932861147e-01,-2.570988270252112518e-01,-2.241579351373767237e-01,-2.337496657806901190e-01,-2.995847289766331301e-01,-2.196495773190913769e-01,-2.578775212140853035e-01,-2.107676239836419330e-01,-2.642580175050644464e-01,-2.698944474039846053e-01,-2.698922842066551198e-01,-2.284603938823623892e-01,-2.352457466600693381e-01,-2.281219327264168706e-01,-2.049171406037034182e-01,-2.676735448002692253e-01,-2.387212853842536342e-01,-2.490651800400112137e-01,-2.617941835686998786e-01,-2.368418411486002961e-01,-2.567713170789316934e-01,-2.643143083099452895e-01,-2.403893733849781222e-01,-2.477318564129279144e-01,-2.638289598726130114e-01,-2.802622718316733486e-01,-2.570571951338143091e-01,-2.488973728568864563e-01,-2.646450340107808774e-01,-2.066854010457445656e-01,-2.424729410925903772e-01,-2.323150736937173166e-01,-2.755034507399565236e-01,-2.497123015024701187e-01,-2.718128074613146428e-01,-2.524643799106324749e-01,-2.757542357616381556e-01,-2.443254222804080722e-01,-2.705376964104017068e-01,-2.291830187725125145e-01,-2.186961876386862014e-01,-2.737812772824470553e-01,-2.083746879926298701e-01,-2.844748849614331387e-01,-2.893547554119709209e-01,-1.975231779440357327e-01,-3.023235031065247824e-01,-2.668720761873526470e-01,-2.986867978978309246e-01,-2.893730957754414579e-01,-2.216287212951693064e-01,-2.362011732196803160e-01,-2.391604949375625566e-01,-2.150586022845979994e-01,-2.225541394020998931e-01,-2.944117847662670595e-01,-2.583937495837537179e-01,-2.723193431065498715e-01,-2.862943214048001006e-01,-2.689746025502814941e-01,-2.191020707874102580e-01,-2.713017441543020269e-01,-2.248562872529452639e-01,-2.515455931725988359e-01,-2.541540095850178815e-01,-2.312446780837098259e-01,-2.365249350250672733e-01,-2.155358881615859201e-01,-2.578629255464628955e-01,-2.903259744076518434e-01,-2.501536923573097759e-01,-2.204941852476128283e-01,-2.410125181434560060e-01,-2.182193949178839465e-01,-2.662219578328846592e-01,-2.931110208019458430e-01,-2.625710923032124056e-01,-2.591713347169185000e-01,-2.290446569021026280e-01,-2.076899855985304966e-01,-2.322156126927971131e-01,-2.752438768467081465e-01,-2.657575604202164765e-01,-2.332217019276534020e-01,-2.606797555373086550e-01,-2.634161339057995987e-01,-2.345126700692004573e-01,-2.774577930679194560e-01,-2.727940905159882967e-01,-2.875935611427471450e-01,-2.684558642687054353e-01,-2.992305113229544733e-01,-3.056036188218970717e-01,-2.430496726060503432e-01,-2.900473748943416807e-01,-2.534271067991337723e-01,-2.373460064483551013e-01,-2.366476703571665230e-01,-2.088891169498815481e-01,-2.539284831324610803e-01,-2.701225884563813739e-01,-1.834651146338495131e-01,-2.386236154991178415e-01,-2.458943782450682125e-01,-2.379335039024867982e-01,-2.214973461883520123e-01,-2.260801520556341426e-01,-2.296557081923065180e-01,-2.679067354142753987e-01,-2.233288405506004826e-01,-2.697180638255842200e-01,-2.438822151513004022e-01,-2.727630803991298869e-01,-2.664097029534870931e-01,-2.359481841839707328e-01,-2.325274396321032333e-01,-2.572962280402241175e-01,-1.846440281791210669e-01,-2.561014425429631314e-01,-2.609166082285716559e-01,-2.894080424014702779e-01,-2.221088362002806571e-01,-2.571832565228235334e-01,-2.676341145742088812e-01,-2.367858405903018604e-01,-2.343543899166541100e-01,-2.397214886259306510e-01,-2.932788337708565063e-01,-2.750901483568449213e-01,-2.236776449623855967e-01,-1.857601957865748776e-01,-2.708373820546153277e-01,-2.907825077773825706e-01,-2.213513928271425013e-01,-2.650530513557715628e-01,-2.149295820815423641e-01,-2.259372099792362198e-01,-2.682957530866035833e-01,-2.310452414873528371e-01,-2.718646206337358429e-01,-2.296956911795451084e-01,-2.326262826389391691e-01,-2.265386090684392839e-01,-2.354415330828837083e-01,-2.362857736202637615e-01,-2.639435671306463171e-01,-2.303234933836666720e-01,-2.311518813498779634e-01,-2.710923320149692950e-01,-2.295069344986002680e-01,-2.313510195219685428e-01,-2.539246632993230057e-01,-2.641339202958923882e-01,-2.446948590427801551e-01,-2.311241285295133341e-01,-2.054657756944725244e-01,-2.546355871632620671e-01,-2.358725375880199315e-01,-2.760079953328434255e-01,-2.149183971160046891e-01,-2.476626232880226319e-01,-2.264284794717666693e-01,-2.322933953396997264e-01,-2.204895112704308713e-01,-2.312101472801104118e-01,-2.207915329832500495e-01,-1.812443938007451405e-01,-2.664429222893039961e-01,-2.714215047544100701e-01,-2.230891698468310813e-01,-2.830954446831256965e-01,-2.740624893804580742e-01,-2.193972004370922657e-01,-2.135566953108982702e-01,-2.322640789473260359e-01,-2.471998261724048240e-01,-2.793565861425638119e-01,-2.626110514942762708e-01,-2.248341267464531446e-01,-2.195357971329707780e-01,-2.675218350207736462e-01,-2.420091734456044363e-01,-2.418164897414153136e-01,-1.870798281968433230e-01,-2.246062502966909014e-01,-2.261094154039156867e-01,-2.378255371266740914e-01,-3.122976586811762045e-01,-2.550048332212046520e-01,-2.789560676086290103e-01,-2.329093472517763663e-01,-2.355421141845068789e-01,-2.253209627394034686e-01,-2.626185398965406592e-01,-2.280598492385986498e-01,-3.321052607911234578e-01,-2.746614875081722085e-01,-2.648578155798728129e-01,-2.494157422540156377e-01,-2.481818535648833979e-01,-2.839036847013445275e-01,-2.404208660387613661e-01,-2.387752388625370981e-01,-2.425392026077881902e-01,-2.718569948678908887e-01,-2.743700539824507345e-01,-2.373164427735562632e-01,-2.862407813753104491e-01,-2.845377291847491219e-01,-2.566594856920881296e-01,-2.550609505951036970e-01,-2.565826629039144047e-01,-2.451751255056016654e-01,-2.394385070124429860e-01,-2.335836494093570803e-01,-2.624753160175945510e-01,-2.399972979221801916e-01,-2.141275118226023122e-01,-2.639809075607892908e-01,-2.614039270344909460e-01,-2.372585154032876287e-01,-2.343511763277892901e-01,-2.849079785003086895e-01,-2.480922981782603676e-01,-2.576940679764125330e-01,-2.995992645033138113e-01,-2.783593568938119711e-01,-2.602446949595750292e-01,-2.620799005799739900e-01,-2.191179843665521099e-01,-2.255064369722533657e-01,-2.750910597088182530e-01,-2.314591416656599232e-01,-2.331060749304528779e-01,-2.008946739262121861e-01,-2.718364776290157492e-01,-2.065309419550739323e-01,-2.686447816717151826e-01,-2.845855775191566406e-01,-2.392178841700282610e-01,-2.235614419503541561e-01,-2.119014705559528755e-01,-2.597624137042830461e-01,-2.675512146364421029e-01,-2.668988188156340424e-01,-2.846792517996534766e-01,-2.699723130690139250e-01,-2.544751337131509472e-01,-2.428557407230531873e-01,-2.581559948456783604e-01,-2.528816882434583024e-01,-2.004540523380999029e-01,-2.293125609623899441e-01,-2.687023026867297326e-01,-2.248785229455251000e-01,-2.778080033639279134e-01,-2.444855143454043034e-01,-2.561821332972359921e-01,-2.534881129540746403e-01,-2.387678602215462520e-01,-2.367223514819304930e-01,-2.511377267869066565e-01,-2.065824705624444979e-01,-2.288170498082431337e-01,-2.434744984180963745e-01,-2.457208266667113838e-01,-2.387234235232252033e-01,-2.217794319269799919e-01,-2.248506931843163581e-01,-2.708514732108409095e-01,-2.629756979270562733e-01,-2.817643275245667045e-01,-3.107029659844907643e-01,-2.524461479201793312e-01,-2.835945593178611501e-01,-2.104138688150492265e-01,-3.006839869098960616e-01,-2.628538926449315860e-01,-2.623655660974509307e-01,-2.083445481205936922e-01,-2.554985632176248744e-01,-2.386598739722151086e-01,-2.275006163413008653e-01,-2.552662501007559315e-01,-2.318578685946505180e-01,-2.285393096622191089e-01,-2.446549426556082762e-01,-2.787899728962692225e-01,-2.486357699013095335e-01,-2.234872821855516944e-01,-2.339066845881357382e-01,-3.120279203706277094e-01,-2.024389071409024854e-01,-2.606696571670066853e-01,-2.461296148845933118e-01,-2.434834137100765905e-01,-2.490450711690429253e-01,-2.570486278224097254e-01,-2.719502065145373848e-01,-2.589897148503453317e-01,-2.448349510579015953e-01,-2.696477670055061893e-01,-2.756556082942302477e-01,-2.730536624395443202e-01,-2.656362068040375446e-01,-2.518303102486880718e-01,-2.490282262331313112e-01,-2.301369549079899379e-01,-2.863711857577170283e-01,-2.104870263522897467e-01,-2.799377496161458145e-01,-2.974894918929032461e-01,-2.384345813305907835e-01,-2.956798292199178113e-01,-2.659017079721072707e-01,-2.336068150979361546e-01,-2.504308206037225148e-01,-2.578040750225123467e-01,-2.140434591786374297e-01,-2.346163782207320025e-01,-2.641353145310229578e-01,-2.614673125099847839e-01,-3.001655090321884156e-01,-2.478516515585304780e-01,-2.449841901899073304e-01,-2.542637395615260365e-01,-2.577949900422233931e-01,-2.495788497927702576e-01,-2.370161085253204847e-01,-1.937130940030985515e-01,-2.373247778250837936e-01,-2.251839584385907644e-01,-2.599332089683903946e-01,-2.560219864920285082e-01,-2.718807372909953224e-01,-2.447807152739641945e-01,-2.276687426587301888e-01,-2.684899899979973359e-01,-2.073230985161588213e-01,-2.440362301312425375e-01,-2.256580459635237068e-01,-2.529441206644238993e-01,-2.663377476599034788e-01,-2.093851588292677535e-01,-2.687029968933580815e-01,-2.390159098233245183e-01,-2.279524650455468926e-01,-2.357542872254368149e-01,-2.432370039435814424e-01,-2.318445788333567403e-01,-2.607794787698846650e-01,-2.580388877408649195e-01,-1.985077296973111194e-01,-2.654840427998192975e-01,-2.207667310806214478e-01,-2.300444546030965820e-01,-2.175928418824557009e-01,-2.537817657903746471e-01,-3.061348239517167613e-01,-2.263099619177874611e-01,-2.503303835743164729e-01,-2.474188883381296666e-01,-3.011215587492804824e-01,-2.560444602424841731e-01,-2.326648850917165112e-01,-2.327150672051119529e-01,-2.971630666676509103e-01,-2.188779435991825839e-01,-2.165024234034345907e-01,-2.473788281834922442e-01,-2.186860247101807819e-01,-2.695993647544779881e-01,-2.838217855038464021e-01,-2.952226484621038871e-01,-1.958999807596206733e-01,-2.433497983249205965e-01,-2.128451681989144972e-01,-2.300231699724765710e-01,-2.234677682398734377e-01,-2.694681496148266797e-01,-2.579820733610770356e-01,-2.509872216321084593e-01,-2.349500749955035217e-01,-2.713116012365704433e-01,-2.737002472976005074e-01,-2.384737859358255774e-01,-2.642678969664072897e-01,-2.343051852307516669e-01,-2.555716431253440279e-01,-2.819063313050282349e-01,-2.380519860361693663e-01,-2.385080071335109464e-01,-2.231290491347553973e-01,-2.547423428293534298e-01,-2.487582726324305826e-01,-2.623533422264495707e-01,-2.502928179691852884e-01,-2.401421234914722647e-01,-2.603742795892315387e-01,-2.769866304436681692e-01,-1.991575734481116078e-01,-1.989471881055309144e-01,-2.471320971209046702e-01,-2.680732549681201782e-01,-2.442545025224569510e-01,-2.435991898205887296e-01,-2.226258597443860898e-01,-2.918232764184653383e-01,-2.577873080765719083e-01,-2.716099653288574500e-01,-2.439366568471994234e-01,-2.567657198835710530e-01,-2.661011427476629443e-01,-2.723234400130238875e-01,-2.373333507047281909e-01,-2.171397157997725924e-01,-2.558144951988458038e-01,-2.939564136375270587e-01,-2.902280034146297316e-01,-2.480027255894409755e-01,-2.569769692782273296e-01,-2.938769004254427886e-01,-2.524471759841918073e-01,-2.284294793611601204e-01,-2.730439733739628561e-01,-2.470103500133339069e-01,-2.069533775794704655e-01,-2.482067319610081202e-01,-2.593040085493565905e-01,-2.452061591376534233e-01,-2.430223832563573327e-01,-2.676594667937332028e-01,-2.855915428576626391e-01,-2.155275408180942209e-01,-2.182744036251676456e-01,-2.396053583050854197e-01,-2.667357940215622780e-01,-2.012221859454812745e-01,-2.290272933660213450e-01,-2.117832525496080032e-01,-2.224120370782901313e-01,-1.887643051013140338e-01,-1.805361512089313503e-01,-2.606229468674401417e-01,-2.267417746536115331e-01,-2.059203448736094677e-01,-1.967517385538689878e-01,-1.935919799022771670e-01,-1.921438879370226116e-01,-1.746246364890908509e-01,-2.002054674739928153e-01,-2.221249044027037156e-01,-2.008017722124088300e-01,-2.516692689848126219e-01,-2.538683267955485490e-01,-1.832916104146075365e-01,-2.374216270601637591e-01,-2.701432375423593601e-01,-2.728643871862055925e-01,-2.318750044593662629e-01,-2.191047704353051018e-01,-3.070102999658593235e-01,-2.755557445330948929e-01,-2.405536486979500677e-01,-1.840775704185773076e-01,-2.452082065922068232e-01,-2.478398456037024522e-01,-2.527728414620925013e-01,-2.647749686413436998e-01,-2.463419151619237468e-01,-2.435524258239125106e-01,-2.613499955898833105e-01,-2.348502621518324673e-01,-2.095975779336245737e-01,-2.244876261708080301e-01,-2.796317816379630949e-01,-1.869955118911375558e-01,-2.599342362374731374e-01,-2.719602134804554594e-01,-2.426727365649051782e-01,-2.300441080863500354e-01,-2.912432687484468041e-01,-2.522565615392496907e-01,-2.070105608435347522e-01,-2.589317083491718963e-01,-2.002383595919896009e-01,-2.437371381462989095e-01,-2.408300795689718998e-01,-2.010469382769737856e-01,-1.548925540097722542e-01,-1.895047167117964726e-01,-1.621241389334964755e-01,-2.009717245531572605e-01,-1.719209959444659708e-01,-1.835423149825948508e-01,-2.052795881004365885e-01,-2.010351335723640220e-01,-1.801253646541202125e-01,-1.565651587844160419e-01,-1.971863909999365116e-01,-1.620273368117772506e-01,-2.160138155304427987e-01,-2.640126747479411562e-01,-2.265350340755305780e-01,-2.700939806677344346e-01,-1.986606742512749546e-01,-2.374712026663835240e-01,-2.571381377031007887e-01,-2.708075512051053568e-01,-2.774097193362927705e-01,-2.504244651222849449e-01,-2.789219465422806410e-01,-2.123096152402962067e-01,-2.816596976818665499e-01,-2.596771657901558172e-01,-2.266880781207748496e-01,-2.784122609056954856e-01,-2.494588049400626173e-01,-2.560691892652799950e-01,-2.526078262619310122e-01,-2.164997332076432635e-01,-2.197047061614781915e-01,-2.074219901658877208e-01,-2.384229454286283800e-01,-2.050829436338986456e-01,-2.663280170878831177e-01,-3.020210338766541880e-01,-2.741601942344966125e-01,-3.002237436817143945e-01,-1.930151070019064108e-01,-2.558472852009661125e-01,-2.273663652786338529e-01,-2.194548145568192554e-01,-1.497952011902179692e-01,-1.978707448068347530e-01,-1.807551378033757650e-01,-2.256734146986630885e-01,-1.751499838288819444e-01,-1.608166842014051023e-01,-1.590796324286479491e-01,-1.152420067655263447e-01,-1.858971371535090567e-01,-1.325020526440932878e-01,-1.481820564495116843e-01,-1.134319797553010600e-01,-1.692108228287018956e-01,-1.573124864185688754e-01,-1.900575151903229343e-01,-1.436559570840378330e-01,-1.992763473122690088e-01,-2.065552276409541310e-01,-2.042798218342686822e-01,-2.077820106253562282e-01,-1.918075431246257234e-01,-2.144820137540785210e-01,-2.420222384541429184e-01,-2.209757233139275634e-01,-2.127214813988639042e-01,-2.760047564900661166e-01,-2.421764700938284776e-01,-2.358130504695876706e-01,-2.286143882279389195e-01,-2.422441541640092955e-01,-2.302136675566977264e-01,-2.350129687212091367e-01,-2.499290497796490262e-01,-1.957628544251298341e-01,-2.066870058265532495e-01,-2.036993564983954064e-01,-2.028754961816800761e-01,-1.660656184464495977e-01,-2.462534871335991526e-01,-2.192210490829380742e-01,-2.324488910661706431e-01,-2.409496064204492138e-01,-2.679065171633294717e-01,-2.565669221950747092e-01,-2.653873242880893102e-01,-2.430430794830962804e-01,-2.327910606798341553e-01,-1.970025094922880915e-01,-1.450356804673600120e-01,-1.420961236740986566e-01,-1.202192924980468591e-01,-1.799265406358213359e-01,-1.453991420454982531e-01,-7.705402092698901417e-02,-1.382706902699931406e-01,-1.284355344278020616e-01,-1.370169060471559952e-01,-9.791441422231181302e-02,-3.875292921805659208e-02,-1.741380082569894960e-01,-5.108180161171033129e-02,-1.130334641878445179e-01,-9.093690468012127770e-02,-8.529678718219731171e-02,-1.347738644241045780e-01,-1.675849649027209565e-01,-2.015306029584460756e-01,-1.353464541807852806e-01,-1.799917906361081787e-01,-2.100447329923583184e-01,-2.547355188981618168e-01,-1.987415629809843598e-01,-2.887682856522754138e-01,-2.627401173361285647e-01,-2.152247877642385621e-01,-2.144195990932210028e-01,-2.361103800601928593e-01,-1.873191803044799708e-01,-2.023130946110323347e-01,-2.494716897661980182e-01,-1.581280130232614323e-01,-1.949010528868508618e-01,-1.782107680540270800e-01,-2.258711348413503517e-01,-2.247093715338077391e-01,-2.102222898162441622e-01,-2.200012106920707367e-01,-1.365547513087491116e-01,-2.349637544530860100e-01,-2.116331742774561764e-01,-2.632570360142520993e-01,-2.471618222894010342e-01,-2.743042740900919485e-01,-2.739081425235075917e-01,-2.135899897366919653e-01,-2.347707630017192848e-01,-2.225998572608373915e-01,-2.301618545838574059e-01,-1.249467395682989507e-01,-1.658221444609958295e-01,-1.795160534364856064e-01,-2.039255755349767274e-01,-1.774438329482673216e-01,-1.810389420287222828e-01,-1.399334031345887963e-01,-1.647273885353457146e-01,-1.465430993163585327e-01,-2.335988392796240487e-01,-1.821047612287369222e-01,-1.657034955044637825e-01,-9.336918165118129886e-02,-1.674633662856535588e-01,-2.278365252771665794e-01,-2.115978765695145924e-01,-2.288478925409315468e-01,-2.490964721835193796e-01,-2.613136658943539525e-01,-2.368458474615812992e-01,-2.418411226250603563e-01,-2.557672933217405853e-01,-1.899844105454503440e-01,-1.307865726383310723e-01,-1.896875043710152808e-01,-2.145898387879970615e-01,-1.054397321750667471e-01,-1.309730151443460056e-01,-1.185219512147047821e-01,-2.952415248180947221e-02,-5.927200935600589887e-02,7.176423239939368204e-04,-5.192137873658844022e-02,-2.049298940986508943e-03,3.598621613289913757e-02,-1.300753998085881109e-02,1.334409330151646589e-02,3.699369230192411928e-02,-3.843901681809464704e-02,-1.232727761884050005e-01,2.556945748500599747e-02,-5.600287028536531098e-02,-2.421816242632930938e-01,-2.076688084421236535e-01,-1.544452001580821632e-01,-2.101373149535928631e-01
0.000000000000000000e+00,0.000000000000000000e+00,0.000000000000000000e+00,0.000000000000000000e+00,0.000000000000000000e+00,0.000000000000000000e+00,0.000000000000000000e+00,0.000000000000000000e+00,0.000000000000000000e+00,0.000000000000000000e+00,0.000000000000000000e+00,0.000000000000000000e+00,0.000000000000000000e+00,0.000000000000000000e+00,0.000000000000000000e+00,0.000000000000000000e+00,0.000000000000000000e+00,0.000000000000000000e+00,0.000000000000000000e+00,0.000000000000000000e+00,0.000000000000000000e+00,0.000000000000000000e+00,0.000000000000000000e+00,0.000000000000000000e+00,0.000000000000000000e+00,0.000000000000000000e+00,0.000000000000000000e+00,0.000000000000000000e+00,0.000000000000000000e+00,0.000000000000000000e+00,0.000000000000000000e+00,0.000000000000000000e+00,0.000000000000000000e+00,0.000000000000000000e+00,0.000000000000000000e+00,0.000000000000000000e+00,0.000000000000000000e+00,0.000000000000000000e+00,0.000000000000000000e+00,0.000000000000000000e+00,0.000000000000000000e+00,0.000000000000000000e+00,0.000000000000000000e+00,0.000000000000000000e+00,0.000000000000000000e+00,0.000000000000000000e+00,0.000000000000000000e+00,0.000000000000000000e+00,0.000000000000000000e+00,0.000000000000000000e+00,0.000000000000000000e+00,0.000000000000000000e+00,0.000000000000000000e+00,0.000000000000000000e+00,0.000000000000000000e+00,0.000000000000000000e+00,0.000000000000000000e+00,0.000000000000000000e+00,0.000000000000000000e+00,0.000000000000000000e+00,0.000000000000000000e+00,0.000000000000000000e+00,0.000000000000000000e+00,0.000000000000000000e+00,0.000000000000000000e+00,0.000000000000000000e+00,0.000000000000000000e+00,0.000000000000000000e+00,0.000000000000000000e+00,0.000000000000000000e+00,0.000000000000000000e+00,0.000000000000000000e+00,0.000000000000000000e+00,0.000000000000000000e+00,0.000000000000000000e+00,0.000000000000000000e+00,0.000000000000000000e+00,0.000000000000000000e+00,0.000000000000000000e+00,0.000000000000000000e+00,0.000000000000000000e+00,0.000000000000000000e+00,0.000000000000000000e+00,0.000000000000000000e+00,0.000000000000000000e+00,0.000000000000000000e+00,0.000000000000000000e+00,0.000000000000000000e+00,0.000000000000000000e+00,0.000000000000000000e+00,0.000000000000000000e+00,0.000000000000000000e+00,0.000000000000000000e+00,0.000000000000000000e+00,0.000000000000000000e+00,0.000000000000000000e+00,0.000000000000000000e+00,0.000000000000000000e+00,0.000000000000000000e+00,0.000000000000000000e+00,0.000000000000000000e+00,0.000000000000000000e+00,0.000000000000000000e+00,0.000000000000000000e+00,0.000000000000000000e+00,0.000000000000000000e+00,0.000000000000000000e+00,0.000000000000000000e+00,0.000000000000000000e+00,0.000000000000000000e+00,0.000000000000000000e+00,0.000000000000000000e+00,0.000000000000000000e+00,0.000000000000000000e+00,0.000000000000000000e+00,0.000000000000000000e+00,0.000000000000000000e+00,0.000000000000000000e+00,0.000000000000000000e+00,0.000000000000000000e+00,0.000000000000000000e+00,0.000000000000000000e+00,0.000000000000000000e+00,0.000000000000000000e+00,0.000000000000000000e+00,0.000000000000000000e+00,0.000000000000000000e+00,0.000000000000000000e+00,0.000000000000000000e+00,0.000000000000000000e+00,0.000000000000000000e+00,0.000000000000000000e+00,0.000000000000000000e+00,0.000000000000000000e+00,0.000000000000000000e+00,0.000000000000000000e+00,0.000000000000000000e+00,0.000000000000000000e+00,0.000000000000000000e+00,0.000000000000000000e+00,0.000000000000000000e+00,0.000000000000000000e+00,0.000000000000000000e+00,0.000000000000000000e+00,0.000000000000000000e+00,0.000000000000000000e+00,0.000000000000000000e+00,0.000000000000000000e+00,0.000000000000000000e+00,0.000000000000000000e+00,0.000000000000000000e+00,0.000000000000000000e+00,0.000000000000000000e+00,0.000000000000000000e+00,0.000000000000000000e+00,0.000000000000000000e+00,0.000000000000000000e+00,0.000000000000000000e+00,0.000000000000000000e+00,0.000000000000000000e+00,0.000000000000000000e+00,0.000000000000000000e+00,0.000000000000000000e+00,0.000000000000000000e+00,0.000000000000000000e+00,0.000000000000000000e+00,0.000000000000000000e+00,0.000000000000000000e+00,0.000000000000000000e+00,0.000000000000000000e+00,0.000000000000000000e+00,0.000000000000000000e+00,0.000000000000000000e+00,0.000000000000000000e+00,0.000000000000000000e+00,0.000000000000000000e+00,0.000000000000000000e+00,0.000000000000000000e+00,0.000000000000000000e+00,0.000000000000000000e+00,0.000000000000000000e+00,0.000000000000000000e+00,0.000000000000000000e+00,0.000000000000000000e+00,0.000000000000000000e+00,0.000000000000000000e+00,0.000000000000000000e+00,0.000000000000000000e+00,0.000000000000000000e+00,0.000000000000000000e+00,0.000000000000000000e+00,0.000000000000000000e+00,0.000000000000000000e+00,0.000000000000000000e+00,0.000000000000000000e+00,0.000000000000000000e+00,0.000000000000000000e+00,0.000000000000000000e+00,0.000000000000000000e+00,0.000000000000000000e+00,0.000000000000000000e+00,0.000000000000000000e+00,0.000000000000000000e+00,0.000000000000000000e+00,0.000000000000000000e+00,0.000000000000000000e+00,0.000000000000000000e+00,0.000000000000000000e+00,0.000000000000000000e+00,0.000000000000000000e+00,0.000000000000000000e+00,0.000000000000000000e+00,0.000000000000000000e+00,0.000000000000000000e+00,0.000000000000000000e+00,0.000000000000000000e+00,0.000000000000000000e+00,0.000000000000000000e+00,0.000000000000000000e+00,0.000000000000000000e+00,0.000000000000000000e+00,0.000000000000000000e+00,0.000000000000000000e+00,0.000000000000000000e+00,0.000000000000000000e+00,0.000000000000000000e+00,0.000000000000000000e+00,0.000000000000000000e+00,0.000000000000000000e+00,0.000000000000000000e+00,0.000000000000000000e+00,0.000000000000000000e+00,0.000000000000000000e+00,0.000000000000000000e+00,0.000000000000000000e+00,0.000000000000000000e+00,0.000000000000000000e+00,0.000000000000000000e+00,0.000000000000000000e+00,0.000000000000000000e+00,0.000000000000000000e+00,0.000000000000000000e+00,0.000000000000000000e+00,0.000000000000000000e+00,0.000000000000000000e+00,0.000000000000000000e+00,0.000000000000000000e+00,0.000000000000000000e+00,0.000000000000000000e+00,0.000000000000000000e+00,0.000000000000000000e+00,0.000000000000000000e+00,0.000000000000000000e+00,0.000000000000000000e+00,0.000000000000000000e+00,0.000000000000000000e+00,0.000000000000000000e+00,0.000000000000000000e+00,0.000000000000000000e+00,0.000000000000000000e+00,0.000000000000000000e+00,0.000000000000000000e+00,0.000000000000000000e+00,0.000000000000000000e+00,0.000000000000000000e+00,0.000000000000000000e+00,0.000000000000000000e+00,0.000000000000000000e+00,0.000000000000000000e+00,0.000000000000000000e+00,0.000000000000000000e+00,0.000000000000000000e+00,0.000000000000000000e+00,0.000000000000000000e+00,0.000000000000000000e+00,0.000000000000000000e+00,0.000000000000000000e+00,0.000000000000000000e+00,0.000000000000000000e+00,0.000000000000000000e+00,0.000000000000000000e+00,0.000000000000000000e+00,0.000000000000000000e+00,0.000000000000000000e+00,0.000000000000000000e+00,0.000000000000000000e+00,0.000000000000000000e+00,0.000000000000000000e+00,0.000000000000000000e+00,0.000000000000000000e+00,0.000000000000000000e+00,0.000000000000000000e+00,0.000000000000000000e+00,0.000000000000000000e+00,0.000000000000000000e+00,0.000000000000000000e+00,0.000000000000000000e+00,0.000000000000000000e+00,0.000000000000000000e+00,0.000000000000000000e+00,0.000000000000000000e+00,0.000000000000000000e+00,0.000000000000000000e+00,0.000000000000000000e+00,0.000000000000000000e+00,0.000000000000000000e+00,0.000000000000000000e+00,0.000000000000000000e+00,0.000000000000000000e+00,0.000000000000000000e+00,0.000000000000000000e+00,0.000000000000000000e+00,0.000000000000000000e+00,0.000000000000000000e+00,0.000000000000000000e+00,0.000000000000000000e+00,0.000000000000000000e+00,0.000000000000000000e+00,0.000000000000000000e+00,0.000000000000000000e+00,0.000000000000000000e+00,0.000000000000000000e+00,0.000000000000000000e+00,0.000000000000000000e+00,0.000000000000000000e+00,0.000000000000000000e+00,0.000000000000000000e+00,0.000000000000000000e+00,0.000000000000000000e+00,0.000000000000000000e+00,0.000000000000000000e+00,0.000000000000000000e+00,0.000000000000000000e+00,0.000000000000000000e+00,0.000000000000000000e+00,0.000000000000000000e+00,0.000000000000000000e+00,0.000000000000000000e+00,0.000000000000000000e+00,0.000000000000000000e+00,0.000000000000000000e+00,0.000000000000000000e+00,0.000000000000000000e+00,0.000000000000000000e+00,0.000000000000000000e+00,0.000000000000000000e+00,0.000000000000000000e+00,0.000000000000000000e+00,0.000000000000000000e+00,0.000000000000000000e+00,0.000000000000000000e+00,0.000000000000000000e+00,0.000000000000000000e+00,0.000000000000000000e+00,0.000000000000000000e+00,0.000000000000000000e+00,0.000000000000000000e+00,0.000000000000000000e+00,0.000000000000000000e+00,0.000000000000000000e+00,0.000000000000000000e+00,0.000000000000000000e+00,0.000000000000000000e+00,0.000000000000000000e+00,0.000000000000000000e+00,0.000000000000000000e+00,0.000000000000000000e+00,0.000000000000000000e+00,0.000000000000000000e+00,0.000000000000000000e+00,0.000000000000000000e+00,0.000000000000000000e+00,0.000000000000000000e+00,0.000000000000000000e+00,0.000000000000000000e+00,0.000000000000000000e+00,0.000000000000000000e+00,0.000000000000000000e+00,0.000000000000000000e+00,0.000000000000000000e+00,0.000000000000000000e+00,0.000000000000000000e+00,0.000000000000000000e+00,0.000000000000000000e+00,0.000000000000000000e+00,0.000000000000000000e+00,0.000000000000000000e+00,0.000000000000000000e+00,0.000000000000000000e+00,0.000000000000000000e+00,0.000000000000000000e+00,0.000000000000000000e+00,0.000000000000000000e+00,0.000000000000000000e+00,0.000000000000000000e+00,0.000000000000000000e+00,0.000000000000000000e+00,0.000000000000000000e+00,0.000000000000000000e+00,0.000000000000000000e+00,0.000000000000000000e+00,0.000000000000000000e+00,0.000000000000000000e+00,0.000000000000000000e+00,0.000000000000000000e+00,0.000000000000000000e+00,0.000000000000000000e+00,0.000000000000000000e+00,0.000000000000000000e+00,0.000000000000000000e+00,0.000000000000000000e+00,0.000000000000000000e+00,0.000000000000000000e+00,0.000000000000000000e+00,0.000000000000000000e+00,0.000000000000000000e+00,0.000000000000000000e+00,0.000000000000000000e+00,0.000000000000000000e+00,0.000000000000000000e+00,0.000000000000000000e+00,0.000000000000000000e+00,0.000000000000000000e+00,0.000000000000000000e+00,0.000000000000000000e+00,0.000000000000000000e+00,0.000000000000000000e+00,0.000000000000000000e+00,0.000000000000000000e+00,0.000000000000000000e+00,0.000000000000000000e+00,0.000000000000000000e+00,0.000000000000000000e+00,0.000000000000000000e+00,0.000000000000000000e+00,0.000000000000000000e+00,0.000000000000000000e+00,0.000000000000000000e+00,0.000000000000000000e+00,0.000000000000000000e+00,0.000000000000000000e+00,0.000000000000000000e+00,0.000000000000000000e+00,0.000000000000000000e+00,0.000000000000000000e+00,0.000000000000000000e+00,0.000000000000000000e+00,0.000000000000000000e+00,0.000000000000000000e+00,0.000000000000000000e+00,0.000000000000000000e+00,0.000000000000000000e+00,0.000000000000000000e+00,0.000000000000000000e+00,0.000000000000000000e+00,0.000000000000000000e+00,0.000000000000000000e+00,0.000000000000000000e+00,0.000000000000000000e+00,0.000000000000000000e+00,0.000000000000000000e+00,0.000000000000000000e+00,0.000000000000000000e+00,0.000000000000000000e+00,0.000000000000000000e+00,0.000000000000000000e+00,0.000000000000000000e+00,0.000000000000000000e+00,0.000000000000000000e+00,0.000000000000000000e+00,0.000000000000000000e+00,0.000000000000000000e+00,0.000000000000000000e+00,0.000000000000000000e+00,0.000000000000000000e+00,0.000000000000000000e+00,0.000000000000000000e+00,0.000000000000000000e+00,0.000000000000000000e+00,0.000000000000000000e+00,0.000000000000000000e+00,0.000000000000000000e+00,0.000000000000000000e+00,0.000000000000000000e+00,0.000000000000000000e+00,0.000000000000000000e+00,0.000000000000000000e+00,0.000000000000000000e+00,0.000000000000000000e+00,0.000000000000000000e+00,0.000000000000000000e+00,0.000000000000000000e+00,0.000000000000000000e+00,0.000000000000000000e+00,0.000000000000000000e+00,0.000000000000000000e+00,0.000000000000000000e+00,0.000000000000000000e+00,0.000000000000000000e+00,0.000000000000000000e+00,0.000000000000000000e+00,0.000000000000000000e+00,0.000000000000000000e+00,0.000000000000000000e+00,0.000000000000000000e+00,0.000000000000000000e+00,0.000000000000000000e+00,0.000000000000000000e+00,0.000000000000000000e+00,0.000000000000000000e+00,0.000000000000000000e+00,0.000000000000000000e+00,0.000000000000000000e+00,0.000000000000000000e+00,0.000000000000000000e+00,0.000000000000000000e+00,0.000000000000000000e+00,0.000000000000000000e+00,0.000000000000000000e+00,0.000000000000000000e+00,0.000000000000000000e+00,0.000000000000000000e+00,0.000000000000000000e+00,0.000000000000000000e+00,0.000000000000000000e+00,0.000000000000000000e+00,0.000000000000000000e+00,0.000000000000000000e+00,0.000000000000000000e+00,0.000000000000000000e+00,0.000000000000000000e+00,0.000000000000000000e+00,0.000000000000000000e+00,0.000000000000000000e+00,0.000000000000000000e+00,0.000000000000000000e+00,0.000000000000000000e+00,0.000000000000000000e+00,0.000000000000000000e+00,0.000000000000000000e+00,0.000000000000000000e+00,0.000000000000000000e+00,0.000000000000000000e+00,0.000000000000000000e+00,0.000000000000000000e+00,0.000000000000000000e+00,0.000000000000000000e+00,0.000000000000000000e+00,0.000000000000000000e+00,0.000000000000000000e+00,0.000000000000000000e+00,0.000000000000000000e+00,0.000000000000000000e+00,0.000000000000000000e+00,0.000000000000000000e+00,0.000000000000000000e+00,0.000000000000000000e+00,0.000000000000000000e+00,0.000000000000000000e+00,0.000000000000000000e+00,0.000000000000000000e+00,0.000000000000000000e+00,0.000000000000000000e+00,0.000000000000000000e+00,0.000000000000000000e+00,0.000000000000000000e+00,0.000000000000000000e+00,0.000000000000000000e+00,0.000000000000000000e+00,0.000000000000000000e+00,0.000000000000000000e+00,0.000000000000000000e+00,0.000000000000000000e+00,0.000000000000000000e+00,0.000000000000000000e+00,0.000000000000000000e+00,0.000000000000000000e+00,0.000000000000000000e+00,0.000000000000000000e+00,0.000000000000000000e+00,0.000000000000000000e+00,0.000000000000000000e+00,0.000000000000000000e+00,0.000000000000000000e+00,0.000000000000000000e+00,0.000000000000000000e+00,0.000000000000000000e+00,0.000000000000000000e+00,0.000000000000000000e+00,0.000000000000000000e+00,0.000000000000000000e+00,0.000000000000000000e+00,0.000000000000000000e+00,0.000000000000000000e+00,0.000000000000000000e+00,0.000000000000000000e+00,0.000000000000000000e+00,0.000000000000000000e+00,0.000000000000000000e+00,0.000000000000000000e+00,0.000000000000000000e+00,0.000000000000000000e+00,0.000000000000000000e+00,0.000000000000000000e+00,0.000000000000000000e+00,0.000000000000000000e+00,0.000000000000000000e+00,0.000000000000000000e+00,0.000000000000000000e+00,0.000000000000000000e+00,0.000000000000000000e+00,0.000000000000000000e+00,0.000000000000000000e+00,0.000000000000000000e+00,0.000000000000000000e+00,0.000000000000000000e+00,0.000000000000000000e+00,0.000000000000000000e+00,0.000000000000000000e+00,0.000000000000000000e+00,0.000000000000000000e+00,0.000000000000000000e+00,0.000000000000000000e+00,0.000000000000000000e+00,0.000000000000000000e+00,0.000000000000000000e+00,0.000000000000000000e+00,0.000000000000000000e+00,0.000000000000000000e+00,0.000000000000000000e+00,0.000000000000000000e+00,0.000000000000000000e+00,0.000000000000000000e+00,0.000000000000000000e+00,0.000000000000000000e+00,0.000000000000000000e+00,0.000000000000000000e+00,0.000000000000000000e+00,0.000000000000000000e+00,0.000000000000000000e+00,0.000000000000000000e+00,0.000000000000000000e+00,0.000000000000000000e+00,0.000000000000000000e+00,0.000000000000000000e+00,0.000000000000000000e+00,0.000000000000000000e+00,0.000000000000000000e+00,0.000000000000000000e+00,0.000000000000000000e+00,0.000000000000000000e+00,0.000000000000000000e+00,0.000000000000000000e+00,0.000000000000000000e+00,0.000000000000000000e+00,0.000000000000000000e+00,0.000000000000000000e+00,0.000000000000000000e+00,0.000000000000000000e+00,0.000000000000000000e+00,0.000000000000000000e+00,0.000000000000000000e+00,0.000000000000000000e+00,0.000000000000000000e+00,0.000000000000000000e+00,0.000000000000000000e+00,0.000000000000000000e+00,0.000000000000000000e+00,0.000000000000000000e+00,0.000000000000000000e+00,0.000000000000000000e+00,0.000000000000000000e+00,0.000000000000000000e+00,0.000000000000000000e+00,0.000000000000000000e+00,0.000000000000000000e+00,0.000000000000000000e+00,0.000000000000000000e+00,0.000000000000000000e+00,0.000000000000000000e+00,0.000000000000000000e+00,0.000000000000000000e+00,0.000000000000000000e+00,0.000000000000000000e+00,0.000000000000000000e+00,0.000000000000000000e+00,0.000000000000000000e+00,0.000000000000000000e+00,0.000000000000000000e+00,0.000000000000000000e+00,0.000000000000000000e+00,0.000000000000000000e+00,0.000000000000000000e+00,0.000000000000000000e+00,0.000000000000000000e+00,0.000000000000000000e+00,0.000000000000000000e+00,0.000000000000000000e+00,0.000000000000000000e+00,0.000000000000000000e+00,0.000000000000000000e+00,0.000000000000000000e+00,0.000000000000000000e+00,0.000000000000000000e+00,0.000000000000000000e+00,0.000000000000000000e+00,0.000000000000000000e+00,0.000000000000000000e+00,0.000000000000000000e+00,0.000000000000000000e+00,0.000000000000000000e+00,0.000000000000000000e+00,0.000000000000000000e+00,0.000000000000000000e+00,0.000000000000000000e+00,0.000000000000000000e+00,0.000000000000000000e+00,0.000000000000000000e+00,0.000000000000000000e+00,0.000000000000000000e+00,0.000000000000000000e+00,0.000000000000000000e+00,0.000000000000000000e+00,0.000000000000000000e+00,0.000000000000000000e+00,0.000000000000000000e+00,0.000000000000000000e+00,0.000000000000000000e+00,0.000000000000000000e+00,0.000000000000000000e+00,0.000000000000000000e+00,0.000000000000000000e+00,0.000000000000000000e+00,0.000000000000000000e+00,0.000000000000000000e+00,0.000000000000000000e+00,0.000000000000000000e+00,0.000000000000000000e+00,0.000000000000000000e+00,0.000000000000000000e+00,0.000000000000000000e+00,0.000000000000000000e+00,0.000000000000000000e+00,0.000000000000000000e+00,0.000000000000000000e+00,0.000000000000000000e+00,0.000000000000000000e+00,0.000000000000000000e+00,0.000000000000000000e+00,0.000000000000000000e+00,0.000000000000000000e+00,0.000000000000000000e+00,0.000000000000000000e+00,0.000000000000000000e+00,0.000000000000000000e+00,0.000000000000000000e+00,0.000000000000000000e+00,0.000000000000000000e+00,0.000000000000000000e+00,0.000000000000000000e+00,0.000000000000000000e+00,0.000000000000000000e+00,0.000000000000000000e+00,0.000000000000000000e+00,0.000000000000000000e+00,0.000000000000000000e+00,0.000000000000000000e+00,0.000000000000000000e+00,0.000000000000000000e+00,0.000000000000000000e+00,0.000000000000000000e+00,0.000000000000000000e+00,0.000000000000000000e+00,0.000000000000000000e+00,0.000000000000000000e+00,0.000000000000000000e+00,0.000000000000000000e+00,0.000000000000000000e+00,0.000000000000000000e+00,0.000000000000000000e+00,0.000000000000000000e+00,0.000000000000000000e+00,0.000000000000000000e+00,0.000000000000000000e+00,0.000000000000000000e+00,0.000000000000000000e+00,0.000000000000000000e+00,0.000000000000000000e+00,0.000000000000000000e+00,0.000000000000000000e+00,0.000000000000000000e+00,0.000000000000000000e+00,0.000000000000000000e+00,0.000000000000000000e+00,0.000000000000000000e+00,0.000000000000000000e+00,0.000000000000000000e+00,0.000000000000000000e+00,0.000000000000000000e+00,0.000000000000000000e+00,0.000000000000000000e+00,0.000000000000000000e+00,0.000000000000000000e+00,0.000000000000000000e+00,0.000000000000000000e+00,0.000000000000000000e+00,0.000000000000000000e+00,0.000000000000000000e+00,0.000000000000000000e+00,0.000000000000000000e+00,0.000000000000000000e+00,0.000000000000000000e+00,0.000000000000000000e+00,0.000000000000000000e+00,0.000000000000000000e+00,0.000000000000000000e+00,0.000000000000000000e+00,0.000000000000000000e+00,0.000000000000000000e+00,0.000000000000000000e+00,0.000000000000000000e+00,0.000000000000000000e+00,0.000000000000000000e+00,0.000000000000000000e+00,0.000000000000000000e+00,0.000000000000000000e+00,0.000000000000000000e+00,0.000000000000000000e+00,0.000000000000000000e+00,0.000000000000000000e+00,0.000000000000000000e+00,0.000000000000000000e+00,0.000000000000000000e+00,0.000000000000000000e+00,0.000000000000000000e+00,0.000000000000000000e+00,0.000000000000000000e+00,0.000000000000000000e+00,0.000000000000000000e+00,0.000000000000000000e+00,0.000000000000000000e+00,0.000000000000000000e+00,0.000000000000000000e+00,0.000000000000000000e+00,0.000000000000000000e+00,0.000000000000000000e+00,0.000000000000000000e+00,0.000000000000000000e+00,0.000000000000000000e+00,0.000000000000000000e+00,0.000000000000000000e+00,0.000000000000000000e+00,0.000000000000000000e+00,0.000000000000000000e+00,0.000000000000000000e+00,0.000000000000000000e+00,0.000000000000000000e+00,0.000000000000000000e+00,0.000000000000000000e+00,0.000000000000000000e+00,0.000000000000000000e+00,0.000000000000000000e+00,0.000000000000000000e+00,0.000000000000000000e+00,0.000000000000000000e+00,0.000000000000000000e+00,0.000000000000000000e+00,0.000000000000000000e+00,0.000000000000000000e+00,0.000000000000000000e+00,0.000000000000000000e+00,0.000000000000000000e+00,0.000000000000000000e+00,0.000000000000000000e+00,0.000000000000000000e+00,0.000000000000000000e+00,0.000000000000000000e+00,0.000000000000000000e+00,0.000000000000000000e+00,0.000000000000000000e+00,0.000000000000000000e+00,0.000000000000000000e+00,0.000000000000000000e+00,0.000000000000000000e+00,0.000000000000000000e+00,0.000000000000000000e+00,0.000000000000000000e+00,0.000000000000000000e+00,0.000000000000000000e+00,0.000000000000000000e+00,0.000000000000000000e+00,0.000000000000000000e+00,0.000000000000000000e+00,0.000000000000000000e+00,0.000000000000000000e+00,0.000000000000000000e+00,0.000000000000000000e+00,0.000000000000000000e+00,0.000000000000000000e+00,0.000000000000000000e+00,0.000000000000000000e+00,0.000000000000000000e+00,0.000000000000000000e+00,0.000000000000000000e+00,0.000000000000000000e+00,0.000000000000000000e+00,0.000000000000000000e+00,0.000000000000000000e+00,0.000000000000000000e+00,0.000000000000000000e+00,0.000000000000000000e+00,0.000000000000000000e+00,0.000000000000000000e+00,0.000000000000000000e+00,0.000000000000000000e+00,0.000000000000000000e+00,0.000000000000000000e+00,0.000000000000000000e+00,0.000000000000000000e+00,0.000000000000000000e+00,0.000000000000000000e+00,0.000000000000000000e+00,0.000000000000000000e+00,0.000000000000000000e+00,0.000000000000000000e+00,0.000000000000000000e+00,0.000000000000000000e+00,0.000000000000000000e+00,0.000000000000000000e+00,0.000000000000000000e+00,0.000000000000000000e+00,0.000000000000000000e+00,0.000000000000000000e+00,0.000000000000000000e+00,0.000000000000000000e+00,0.000000000000000000e+00,0.000000000000000000e+00,0.000000000000000000e+00,0.000000000000000000e+00,0.000000000000000000e+00,0.000000000000000000e+00,0.000000000000000000e+00,0.000000000000000000e+00,0.000000000000000000e+00,0.000000000000000000e+00,0.000000000000000000e+00,0.000000000000000000e+00,0.000000000000000000e+00,1.000000000000000000e+00,1.000000000000000000e+00,1.000000000000000000e+00,1.000000000000000000e+00,1.000000000000000000e+00,1.000000000000000000e+00,1.000000000000000000e+00,1.000000000000000000e+00,1.000000000000000000e+00,1.000000000000000000e+00,1.000000000000000000e+00,1.000000000000000000e+00,1.000000000000000000e+00,1.000000000000000000e+00,1.000000000000000000e+00,1.000000000000000000e+00,1.000000000000000000e+00,1.000000000000000000e+00,1.000000000000000000e+00,1.000000000000000000e+00,1.000000000000000000e+00,1.000000000000000000e+00,1.000000000000000000e+00,1.000000000000000000e+00,1.000000000000000000e+00,1.000000000000000000e+00,1.000000000000000000e+00,1.000000000000000000e+00,1.000000000000000000e+00,1.000000000000000000e+00,1.000000000000000000e+00,1.000000000000000000e+00,1.000000000000000000e+00,1.000000000000000000e+00,1.000000000000000000e+00,1.000000000000000000e+00,1.000000000000000000e+00,1.000000000000000000e+00,1.000000000000000000e+00,1.000000000000000000e+00,1.000000000000000000e+00,1.000000000000000000e+00,1.000000000000000000e+00,1.000000000000000000e+00,1.000000000000000000e+00,1.000000000000000000e+00,1.000000000000000000e+00,1.000000000000000000e+00,1.000000000000000000e+00,1.000000000000000000e+00,1.000000000000000000e+00,1.000000000000000000e+00
