-4.946297053117548193e-01,-2.615566899590394678e-01,-1.336596266915920650e-01,-2.558171676841718978e-01,2.748188212779018591e-01,-7.397577903998919790e-01,2.685860214866410238e-03,9.999711443420811197e-01,9.623224212338882255e-01,-2.486570690852587251e-01,0.000000000000000000e+00
-5.577434595557022590e-01,-3.000791398005608346e-01,-1.236764666445162586e-01,-2.909054406947768068e-01,1.821030213934123621e-01,-6.885856481113424854e-01,-1.899598340131958621e-02,9.985559160680128610e-01,9.739494489232851659e-01,-2.594982773214223326e-01,0.000000000000000000e+00
-5.098659831056633340e-01,-2.706653286286348492e-01,-1.429579194756251670e-02,-2.516743428224590962e-01,-2.476435246281352143e-01,-8.356549694341687262e-01,-9.019866811758267544e-02,9.671046825183483575e-01,9.958917463269283399e-01,-2.951299355516164846e-01,0.000000000000000000e+00
-3.531790624441217830e-01,-1.814582072080657138e-01,-7.644207600876067044e-02,-1.793857476171424881e-01,1.173211143963793224e-01,-9.197386130333220500e-01,-1.053407483526653046e-02,9.995560673987904377e-01,9.901703772482411958e-01,-2.552670861236681632e-01,0.000000000000000000e+00
-2.430241347346221992e-01,-1.230485902621530347e-01,-8.024160650833493669e-02,-1.222872783574318195e-01,2.072128111638847914e-01,-9.884798628588220559e-01,1.409541217279080064e-02,9.992050669059260315e-01,9.838870201109394253e-01,-2.429521772243873612e-01,0.000000000000000000e+00
-4.770977331854785453e-01,-2.512105295350627321e-01,-5.104989432265084892e-02,-2.416117703233854330e-01,-7.791657394502354839e-02,-8.323833465961709699e-01,-5.544913831258322517e-02,9.876511991854364236e-01,9.995126832507145176e-01,-2.777316748537493885e-01,0.000000000000000000e+00
-3.898093802791531282e-01,-2.015411105596869312e-01,-6.790198133715555362e-02,-1.981676674363660462e-01,5.430542984848338306e-02,-8.948366614744459602e-01,-2.440493094491363868e-02,9.976157057391688010e-01,9.944680376907608643e-01,-2.622030711582332696e-01,0.000000000000000000e+00
-1.898915139601336233e-01,-9.567090334455626011e-02,4.141854604734377526e-02,-9.284489804478597563e-02,-2.952554024028677948e-01,-9.837516230653510219e-01,-6.691335890486457827e-02,9.819836317192593977e-01,9.849960229010754631e-01,-2.834691682822312320e-01,0.000000000000000000e+00
-2.616370130900669277e-01,-1.327443629255063706e-01,-1.985295261342532036e-01,-1.243590412969681341e-01,6.929833840044892224e-01,-9.295665264055479327e-01,9.918994768746731971e-02,9.601308019798546756e-01,8.601742132403417118e-01,-2.003643238287815265e-01,0.000000000000000000e+00
-4.859917855964626665e-01,-2.564417106443213079e-01,-2.379426844871431468e-01,-2.408751108142488662e-01,7.302967619113325259e-01,-6.360316635706380062e-01,8.278732184304787856e-02,9.723350364508407395e-01,8.289614890332808184e-01,-2.085826810790278873e-01,0.000000000000000000e+00
-4.445054119777881452e-01,-2.323289436768386784e-01,-1.068379954097544715e-01,-2.282202934109571757e-01,1.905898541245581446e-01,-8.147691543106416745e-01,-6.621937380363002862e-03,9.998245895263634386e-01,9.784495609750359923e-01,-2.533109807890810417e-01,0.000000000000000000e+00
-5.399138557673287542e-01,-2.889763160964913813e-01,-2.283078733095276480e-01,-2.745625886567065188e-01,6.573644658867981994e-01,-5.861033497138192772e-01,6.356250936446682098e-02,9.837522746973259569e-01,8.531584696749185959e-01,-2.182080407937551647e-01,0.000000000000000000e+00
1.159734834024694627e-01,5.815022030964328570e-02,3.562884624449032950e-02,5.807636849380345273e-02,-8.764179801107011003e-02,2.446497679153708180e-02,-4.921428120789292891e-03,9.999031150523323141e-01,9.969697106911697970e-01,-2.524607190270411472e-01,0.000000000000000000e+00
8.359862838237536176e-02,4.186036664330023555e-02,-7.045082959642919029e-02,4.066981278248475024e-02,3.578621879224467284e-01,-3.444507941079040791e-01,6.853347106819719647e-02,9.810951608081590614e-01,9.727487773296421558e-01,-2.157198460584960065e-01,0.000000000000000000e+00
2.709346849607759955e-01,1.376109542517050810e-01,7.778967107552200999e-02,1.367139472101134290e-01,-1.780797067526852517e-01,9.994234979625729043e-01,-6.818194273192587987e-03,9.998140373816188919e-01,9.863651708671182794e-01,-2.534091103434355507e-01,0.000000000000000000e+00
6.702380622894655859e-01,3.752993988353885424e-01,1.799222735619658009e-01,3.590231433024752561e-01,-3.411568717891120261e-01,9.955305409759742652e-01,4.351808885427656086e-03,9.999242451248714358e-01,9.332959669449848450e-01,-2.478240921232961747e-01,0.000000000000000000e+00
4.980359208874479693e-01,2.635832872167461205e-01,1.440198222438436315e-01,2.575785743294206620e-01,-3.188799453652617077e-01,3.255343070633737734e-01,-9.707784754149663409e-03,9.996229882944901446e-01,9.536753306075889114e-01,-2.548539304971076946e-01,0.000000000000000000e+00
8.013838779069121232e-01,4.806927928892058555e-01,2.496143434294604002e-01,4.479932455221085075e-01,-5.229844167945233435e-01,-3.885961996069668412e-01,-9.702445325840429804e-03,9.996234029567392376e-01,8.575753615497224702e-01,-2.548512607200874580e-01,0.000000000000000000e+00
8.543750397572131838e-01,5.330621964038680938e-01,3.247324614439092150e-01,4.835636779863285994e-01,-7.914450915218546045e-01,-9.825420538294995509e-01,-4.717257169578061016e-02,9.910726010295690669e-01,7.306875171295755811e-01,-2.735906606062569191e-01,0.000000000000000000e+00
6.042496995944464100e-01,3.299900764166837086e-01,1.707002636905721737e-01,3.186978910602420445e-01,-3.561611776226872861e-01,1.128360963246295562e-01,-5.292428759339809843e-03,9.998879566070790759e-01,9.367873316878098100e-01,-2.526462205563489993e-01,0.000000000000000000e+00
7.988706329358832292e-01,4.783945747635851009e-01,2.454394711438158683e-01,4.462260012014164778e-01,-5.070973043407209779e-01,1.188934325779224255e-01,-7.400707981585948232e-03,9.997809020867571839e-01,8.635993950088015625e-01,-2.537003708800654178e-01,0.000000000000000000e+00
8.582781579342396716e-01,5.372724793464886961e-01,3.363371322399286711e-01,4.846759847865924065e-01,-8.363662904257050945e-01,8.924384097298181384e-01,-5.436104679809268536e-02,9.881329706929879997e-01,7.070313283203855104e-01,-2.771872188610586818e-01,0.000000000000000000e+00
7.826156093896797783e-01,4.638624423448261536e-01,1.880077170181632118e-01,4.320428602025753184e-01,-2.678897456117057541e-01,9.275253579433498929e-01,3.042512416326033364e-02,9.962926783029814048e-01,9.357208549678008858e-01,-2.347862643023201357e-01,0.000000000000000000e+00
8.813508880539424606e-01,5.634499612014087777e-01,2.476842176451606869e-01,5.121553647961072375e-01,-4.104416599676597999e-01,5.667686790188783963e-01,2.154584153153187367e-02,9.981419576437500218e-01,8.716100391295401595e-01,-2.392266624614955151e-01,0.000000000000000000e+00
9.770872700897008656e-01,7.212601559305573673e-01,3.543673884320451273e-01,6.273540410818496671e-01,-6.856563175892845807e-01,9.549431824757895759e-01,-1.249677720041046354e-03,9.999937532093766679e-01,6.890502501580996197e-01,-2.506248389413378019e-01,0.000000000000000000e+00
9.996186702945221159e-01,8.264412677674490837e-01,4.528035717061982823e-01,6.921675280097064897e-01,-9.800023181751797985e-01,7.979332528937588265e-01,-3.499196317746671586e-02,9.950942567457912169e-01,4.420136007595565353e-01,-2.674977670353279047e-01,0.000000000000000000e+00
9.444718478465163880e-01,6.525020874591516140e-01,2.997183138814887848e-01,5.786561599125289446e-01,-5.303435713969876231e-01,-8.369635907081927062e-01,1.462680294191128286e-02,9.991439824407142289e-01,7.946547451915328963e-01,-2.426864681384451328e-01,0.000000000000000000e+00
9.080397439457055242e-01,5.971694203968838099e-01,3.053997036909592011e-01,5.387358720211926633e-01,-6.269007236631531921e-01,4.756807838812371347e-01,-9.607077132723584184e-03,9.996307708447765838e-01,7.785774169474076745e-01,-2.548035755122914914e-01,0.000000000000000000e+00
8.479372769512208974e-01,9.728170704016523285e-01,4.932508835629312860e-01,8.478666274911675904e-01,-6.466211173458884520e-01,1.625729794262006089e-01,7.189840847253389788e-02,9.791801737497096703e-01,5.586699899450311285e-02,-2.140353014925703845e-01,0.000000000000000000e+00
9.972684984385690177e-01,8.804464323041714113e-01,4.996851508907403927e-01,7.227900363984385290e-01,-1.104881907848963341e+00,-4.560176525419979976e-01,-4.773655802056801789e-02,9.908572066476599716e-01,2.978740924635032705e-01,-2.738728125877470942e-01,0.000000000000000000e+00
9.994889779995713708e-01,8.240536063586002546e-01,3.923663730862883003e-01,6.953459218557974664e-01,-7.131301392330182676e-01,4.493349406107374766e-01,9.385398183442562881e-03,9.996476158229113951e-01,5.970452206217099489e-01,-2.453072664613352993e-01,0.000000000000000000e+00
9.968235051092477761e-01,7.975907630949705673e-01,3.511621491301476494e-01,6.747297127542507544e-01,-5.670004079257714436e-01,-5.732791883781306330e-01,2.991611565461512259e-02,9.964158332505433924e-01,6.942039073426272688e-01,-2.350408264834673022e-01,0.000000000000000000e+00
9.878319022848639497e-01,7.544901172983843329e-01,3.896943062582478579e-01,6.488755809586759238e-01,-7.994977700577878821e-01,-3.790836068969651307e-01,-1.538504552164945451e-02,9.990529027070074175e-01,6.086514366432165257e-01,-2.576926744991878682e-01,0.000000000000000000e+00
9.408917006142005768e-01,6.463840935199043347e-01,2.546233776438688312e-01,5.676805723811924054e-01,-3.387727844412735112e-01,8.565836434842180047e-01,4.623297746911673306e-02,9.914256944678140338e-01,8.691204457130056182e-01,-2.268793927832831459e-01,0.000000000000000000e+00
9.529089950607715354e-01,6.677450360723438116e-01,3.466699002663479745e-01,5.894277673676090457e-01,-7.215672396334543715e-01,-9.247606714787233173e-01,-1.505766670360923071e-02,9.990927925344216254e-01,7.028328741863414386e-01,-2.575289756081493020e-01,0.000000000000000000e+00
9.994070921539413010e-01,8.226988039786810036e-01,3.757901314487985256e-01,6.929413427816039084e-01,-6.408495943925677230e-01,1.712248844232588663e-01,2.127941332563386759e-02,9.981876528606929977e-01,6.364007727399406678e-01,-2.393598918354955252e-01,0.000000000000000000e+00
7.445536002569659306e-01,4.318042053821956050e-01,1.329815255510105043e-01,3.989393172217874373e-01,-6.712866846178261460e-02,7.382249654016179718e-01,6.009440145218410134e-02,9.854851677890414940e-01,9.790710919728460304e-01,-2.199437534596196397e-01,0.000000000000000000e+00
7.497426112597248560e-01,4.360296358111975246e-01,2.607927066816645434e-01,4.083766817020003659e-01,-6.277934848008115409e-01,-9.883976743972713308e-01,-3.423302723317190460e-02,9.953050771985467726e-01,8.318694432440847386e-01,-2.671181853829118213e-01,0.000000000000000000e+00
4.671847806076097620e-01,2.454209685311674327e-01,1.465266792272700846e-01,2.401828944580078340e-01,-3.526264302089153202e-01,-6.728024036364358418e-01,-1.829914636464331432e-02,9.986599669943475588e-01,9.488625580313158059e-01,-2.591498285087638909e-01,0.000000000000000000e+00
6.515130670222126774e-01,3.620486378038628716e-01,2.787927118088792677e-01,3.359312969904203472e-01,-7.877834005957072838e-01,-8.788635357957875760e-01,-7.463542414727131202e-02,9.775529965273941357e-01,7.830487531174463722e-01,-2.873350447554451903e-01,0.000000000000000000e+00
5.795779198660407916e-01,3.139412420155816008e-01,1.901155647824109840e-01,3.029990152169876882e-01,-4.629341326883228414e-01,-9.894482618286948306e-01,-2.574034033743023697e-02,9.973473986431882210e-01,9.121102578378499359e-01,-2.628708808262884555e-01,0.000000000000000000e+00
-2.532055031606464945e-01,-1.283447572658649172e-01,-2.144574891925743465e-01,-1.181904950908035240e-01,7.541991312933633562e-01,-9.287077075355862910e-01,1.127789217403308009e-01,9.482646071870123317e-01,8.322598172131431271e-01,-1.935506944820508668e-01,0.000000000000000000e+00
3.993124087877075734e-02,1.997225757536326071e-02,9.864482531450055602e-02,1.944526801946564257e-02,-4.084363442112026732e-01,-3.505338181778309692e-01,-6.649427126684119560e-02,9.822099178520444784e-01,9.589472926300890432e-01,-2.832593912034797046e-01,0.000000000000000000e+00
3.633491024579517670e-01,1.869953719984070173e-01,1.379239212887922728e-01,1.836178679070046837e-01,-3.856828475647022247e-01,1.212154055386415324e-01,-3.351759771388509307e-02,9.954995534731380102e-01,9.484858839077857651e-01,-2.667603679771070047e-01,0.000000000000000000e+00
-7.521128799580246993e-02,-3.765007557949807959e-02,2.853700111989923571e-02,-3.734826292288859206e-02,-1.738683474747843849e-01,-8.466937770689321185e-01,-3.551986349587559627e-02,9.949448705871465348e-01,9.945281429143048024e-01,-2.677617992342157249e-01,0.000000000000000000e+00
-3.154432360184505346e-01,-1.611476340349027037e-01,-1.143780066748480012e-01,-1.591526595860406623e-01,3.127521560833539938e-01,-9.288746581051320339e-01,2.548086611566949267e-02,9.974006539363380330e-01,9.653891029061966167e-01,-2.372588775608397982e-01,0.000000000000000000e+00
-2.325344821596462830e-01,-1.176101007671517124e-01,5.556658394524657124e-02,-1.119976248711222061e-01,-3.746460494873123936e-01,-9.968107876652482213e-01,-8.572852044200549027e-02,9.703150663393932396e-01,9.740228003584660010e-01,-2.928905316709922158e-01,0.000000000000000000e+00
-3.963973013772100207e-01,-2.051957329210746528e-01,-6.494946207201603150e-02,-2.014382214595499543e-01,3.672279013600224240e-02,-8.912677609165579051e-01,-2.797650874295709231e-02,9.968659933494529168e-01,9.955249081034488468e-01,-2.639891668093481414e-01,0.000000000000000000e+00
-5.495589886139293778e-01,-2.949593345319836968e-01,-1.574607297586572974e-01,-2.867154896590146107e-01,3.402496629550688101e-01,-6.590833917195076941e-01,8.225259259444540894e-03,9.997293560292519476e-01,9.452890086067448072e-01,-2.458873471834954749e-01,0.000000000000000000e+00
-4.657666367303784360e-01,-2.445961487315660154e-01,-1.274639191433307450e-01,-2.398612018311205851e-01,2.680904496250368640e-01,-7.749507698068915929e-01,4.307157637426252232e-03,9.999257917368232773e-01,9.652671821915239647e-01,-2.478464178519183825e-01,0.000000000000000000e+00
-3.604144449104967340e-01,-1.853946414033522949e-01,-1.024203794749568991e-01,-1.832519459271215179e-01,2.292526772566615967e-01,-8.973459814347886088e-01,7.485282249398966109e-03,9.997758654559081304e-01,9.766731395433149165e-01,-2.462573414003588479e-01,0.000000000000000000e+00
-5.397326505809907360e-01,-2.888644218787196905e-01,-1.655520111010903572e-01,-2.807536680301843113e-01,3.841178661668873673e-01,-6.598508351618135315e-01,1.653680634204254124e-02,9.989057373272318685e-01,9.361741827024488982e-01,-2.417314083965887428e-01,0.000000000000000000e+00
-3.835299923597709770e-01,-1.980702610667060826e-01,-1.126338438228114830e-01,-1.954120591101110582e-01,2.593668176668422198e-01,-8.688723953798727084e-01,1.043331872567853161e-02,9.995645202474524593e-01,9.710692004997706350e-01,-2.447832933153983870e-01,0.000000000000000000e+00
-3.963104166650637250e-01,-2.051474443017151650e-01,-1.154743632741764559e-01,-2.022207738197447369e-01,2.633226335349095337e-01,-8.544585151253156763e-01,9.935096806641577349e-03,9.996051234449878642e-01,9.698065582334224333e-01,-2.450324107356449954e-01,0.000000000000000000e+00
-6.498638926792205117e-01,-3.608976490094613632e-01,-1.485797116984466371e-01,-3.453130402703650237e-01,2.184937188705819711e-01,-5.763823185160207307e-01,-2.260405838830936362e-02,9.979548340321269251e-01,9.613994850317307828e-01,-2.613025104435648394e-01,0.000000000000000000e+00
-3.204549166899090529e-01,-1.638249736359103925e-01,-7.333035223348358111e-02,-1.623439250052786942e-01,1.252987866430455843e-01,-9.463645771486759450e-01,-6.302511795848880945e-03,9.998411049653559424e-01,9.903057411321689596e-01,-2.531512663290574894e-01,0.000000000000000000e+00
6.245029122473286926e-02,3.125056117218844021e-02,3.170191059744456585e-02,3.121314812772989569e-02,-1.035329256948505222e-01,-3.228439347663276116e-01,-1.205842539601096469e-02,9.994182647506866246e-01,9.968416418929969547e-01,-2.560292857558534863e-01,0.000000000000000000e+00
-2.232423814368741655e-01,-1.128070512814927512e-01,-1.113282048390398377e-01,-1.111905463107885766e-01,3.574800331957126431e-01,-9.895115771964250184e-01,4.123785610371889093e-02,9.931823406393661680e-01,9.615034826521782207e-01,-2.293781494727974435e-01,0.000000000000000000e+00
-6.247787433158191045e-02,-3.126438645699328861e-02,-3.724038342273378044e-02,-3.120497877561443853e-02,1.283486933869331104e-01,-8.704928690392589319e-01,1.620709679766853956e-02,9.989489521033657615e-01,9.953839723907980108e-01,-2.418962742165939317e-01,0.000000000000000000e+00
-1.321114084828064472e-01,-6.629780795656499415e-02,3.143267155015905256e-02,-6.527449131374973845e-02,-2.202419734729366696e-01,-9.385482746405595655e-01,-4.842711123981616184e-02,9.905899460854140637e-01,9.918230123569578005e-01,-2.742182888357655446e-01,0.000000000000000000e+00
1.579039600378036035e-01,7.936679308819620526e-02,1.194184178599265456e-02,7.899557430960028881e-02,4.513670693730323369e-02,3.014773411970759764e-01,2.079063151697571610e-02,9.982700021984258765e-01,9.999929306992779710e-01,-2.396043097770786390e-01,0.000000000000000000e+00
5.983228716812375586e-02,2.993849165325676229e-02,-3.557048745648193344e-02,2.967241458594524484e-02,1.955343616595890399e-01,-4.306311307077769768e-01,3.790396206787471911e-02,9.942421542561253878e-01,9.925716077854859209e-01,-2.310457495977593090e-01,0.000000000000000000e+00
2.746131402302914304e-01,1.395408273275505207e-01,1.034592504334690827e-01,1.381118190442289229e-01,-2.906081987231762254e-01,9.987403464464754688e-01,-2.535005093035284235e-02,9.974272975632404448e-01,9.709839475419657084e-01,-2.626757042829057642e-01,0.000000000000000000e+00
2.336563130491874085e-01,1.181908811355021072e-01,3.546961612021336252e-02,1.174249259490863506e-01,-1.210611773868881802e-02,8.655457615629414958e-01,1.766842192816517332e-02,9.987507877654779875e-01,9.988594847180614078e-01,-2.411655592117997460e-01,0.000000000000000000e+00
6.903645918481148280e-01,3.899419836572785569e-01,1.515797375408443060e-01,3.697142842338410618e-01,-1.964055414027436053e-01,-9.461716295085504935e-01,3.094259911617740222e-02,9.961653344474652449e-01,9.619785816463738426e-01,-2.345274659145668295e-01,0.000000000000000000e+00
7.322591115031942266e-01,4.219566738508745973e-01,2.103369188818351998e-01,3.993528139778151353e-01,-4.197719416768678213e-01,-6.528493812532458751e-01,-1.492570325226240608e-03,9.999910889088280408e-01,9.040806462237910290e-01,-2.507462853011588888e-01,0.000000000000000000e+00
6.203124997445972344e-01,3.406796231204531900e-01,1.429302338023513697e-01,3.276188855142597722e-01,-2.181360331107125017e-01,9.981843380889113826e-01,1.944986615284434103e-02,9.984860476570001087e-01,9.638239733320113078e-01,-2.402747603356579498e-01,0.000000000000000000e+00
2.421642487540018596e-01,1.226020952165314815e-01,3.278988660292165430e-02,1.216607432586978149e-01,5.312511530482261213e-03,9.062522555992313933e-01,2.132655933505562054e-02,9.981796083325588098e-01,9.992949566193589650e-01,-2.393363161561223584e-01,0.000000000000000000e+00
9.097918008243369714e-01,5.995453445185408015e-01,2.988983820849386852e-01,5.407539513723297331e-01,-5.946421968010169312e-01,8.919366000935905481e-01,-3.875533759448680175e-03,9.999399197491584124e-01,7.909505737304143302e-01,-2.519377693051277345e-01,0.000000000000000000e+00
8.926458101804645162e-01,5.772001210323716158e-01,3.396929291709113730e-01,5.183834022502220584e-01,-8.039180821164116919e-01,-6.635608768653407097e-01,-4.251413960393873870e-02,9.927527770798530993e-01,7.068484727836219506e-01,-2.712602721420062646e-01,0.000000000000000000e+00
9.163938352976416235e-01,6.087127827355380827e-01,2.188738484352767411e-01,5.360807378565624060e-01,-2.303313532869531444e-01,2.938807450846374625e-01,5.944518864837653599e-02,9.857985470183916465e-01,9.149026261293888851e-01,-2.202686499453663516e-01,0.000000000000000000e+00
7.430137354041604913e-01,4.305583653572161440e-01,1.898443774186719946e-01,4.059428652438564766e-01,-3.169832201905479763e-01,9.867040620223415104e-01,1.699574982152798897e-02,9.988441329864669038e-01,9.297356119850159750e-01,-2.415019205284931469e-01,0.000000000000000000e+00
9.981140290717390728e-01,8.077859157368052490e-01,3.172311161537977320e-01,6.707102352391343114e-01,-4.061892476589301637e-01,4.926750089013499090e-01,5.932767549792915956e-02,9.858549007547857679e-01,7.635808596801056947e-01,-2.203274583559858835e-01,0.000000000000000000e+00
9.987724143544556288e-01,8.143647353096276076e-01,4.747900776986075932e-01,6.763742791919015174e-01,-1.091823840077100538e+00,-8.791000376273805372e-01,-5.626305120898396350e-02,9.872844813147163556e-01,3.831052257526144089e-01,-2.781389488889017270e-01,0.000000000000000000e+00
9.992060497953385578e-01,8.627415808873163394e-01,3.600490752715769238e-01,7.105511955478718278e-01,-5.131641684503307488e-01,9.901825448133546592e-01,4.941402154439997196e-02,9.902012417019968593e-01,6.657001155529070902e-01,-2.252879606471955287e-01,0.000000000000000000e+00
9.793026570778882167e-01,9.417558505753367282e-01,5.725275649046515092e-01,7.509131349862810945e-01,-1.311209000585201512e+00,4.363777720881841654e-02,-7.295896608336009670e-02,9.785570791334254892e-01,4.903790062960917268e-02,-2.864956733831813818e-01,0.000000000000000000e+00
9.983918137829798090e-01,8.715684237053155092e-01,4.075730329307649114e-01,7.255366174884837482e-01,-7.088637104853843240e-01,5.095611200662270024e-01,1.751468447944954168e-02,9.987724414622910496e-01,5.501061775857067904e-01,-2.412424338835037485e-01,0.000000000000000000e+00
9.968969377140458610e-01,7.981088383132722841e-01,2.993738336256149823e-01,6.595549004922653946e-01,-3.439554165556947818e-01,-3.516154901922249332e-01,6.895785163066139867e-02,9.808588311442958396e-01,7.981632042023034668e-01,-2.155074048778530538e-01,0.000000000000000000e+00
9.995794297510778303e-01,8.570065993928600578e-01,4.057188300274680581e-01,7.165857113764213526e-01,-7.234054554696713879e-01,4.674488903810487539e-01,1.276153739091866191e-02,9.993484312073157572e-01,5.583712987762357027e-01,-2.436191447071466565e-01,0.000000000000000000e+00
9.995225249259829248e-01,8.246393703135610487e-01,3.920126204222963429e-01,6.956888647238663737e-01,-7.106792135585099368e-01,5.668476276950479287e-01,9.883658850367967041e-03,9.996092022578799696e-01,5.978142794374236013e-01,-2.450581303451672688e-01,0.000000000000000000e+00
9.938477029522650996e-01,7.800523225161795082e-01,3.525928695133236923e-01,6.648470699990716160e-01,-5.976545948049964974e-01,-8.876720809250632227e-01,2.210677512750119575e-02,9.980438883443347731e-01,6.921990698916717921e-01,-2.389461622562835119e-01,0.000000000000000000e+00
8.782882661696665982e-01,5.598362659792326390e-01,2.242228765326192974e-01,5.064429019445858549e-01,-3.110292938113478067e-01,-7.834832160954530167e-01,3.784194611836459027e-02,9.942610159012650328e-01,9.036708327285011277e-01,-2.310767686943302757e-01,0.000000000000000000e+00
8.470919753835525201e-01,5.253547747008288082e-01,3.598141453257345246e-01,4.673609059095078511e-01,-9.469931550445878088e-01,2.691171995853778309e-01,-7.625778785278351790e-02,9.765589558817293625e-01,6.520201886408842906e-01,-2.881473820993299961e-01,0.000000000000000000e+00
9.978040341658928059e-01,8.765187232536546524e-01,5.036052411432487830e-01,7.182054925118840361e-01,-1.127678842794957781e+00,2.702124654045140115e-02,-5.238122145721712392e-02,9.889847102047515381e-01,2.877912473868188270e-01,-2.761966008386471105e-01,0.000000000000000000e+00
7.354576710812279483e-01,4.244970869454939844e-01,2.666715304039372625e-01,3.971166875555142139e-01,-6.672860685361641231e-01,-9.214315509448423036e-01,-4.282211375683311200e-02,9.926471416544233595e-01,8.195822154014014149e-01,-2.714143293260555811e-01,0.000000000000000000e+00
6.065222311903065711e-01,3.314904126168120024e-01,1.623896628809260445e-01,3.200999929431589397e-01,-3.168980354486177209e-01,2.878978135822363726e-01,1.490269652846429056e-03,9.999911163591409524e-01,9.454178593707821543e-01,-2.492548650356707085e-01,0.000000000000000000e+00
7.759883066328120416e-01,4.580926583220803483e-01,2.724591499702437303e-01,4.265327553037183139e-01,-6.525931672816260853e-01,8.867063594995903131e-01,-3.499881262137343602e-02,9.950923328949123903e-01,8.161541139925084787e-01,-2.675011928060400113e-01,0.000000000000000000e+00
5.562320712258203015e-01,2.991306593741780429e-01,9.749351475728884608e-02,2.881181708737938774e-01,-6.723058356145292236e-02,1.642267547743521960e-01,3.828443105076218683e-02,9.941257565360765991e-01,9.887196473633667049e-01,-2.308554460735027791e-01,0.000000000000000000e+00
3.542405923933702322e-02,1.771666270670360643e-02,-4.220137664910236786e-02,1.755947170722954240e-02,2.100355437213028698e-01,-5.599777310328690749e-01,3.829460727253891639e-02,9.941226272157414057e-01,9.907986137469987353e-01,-2.308503560972549606e-01,0.000000000000000000e+00
1.337822825094123202e-01,6.714259883230783155e-02,9.695393829058708557e-02,6.613740467514907240e-02,-3.485169074459266714e-01,2.433729606590397943e-01,-4.754639977566722797e-02,9.909301202470750525e-01,9.669139190108735349e-01,-2.737776794942887726e-01,0.000000000000000000e+00
4.388309054524551778e-01,2.290850548058168679e-01,1.023685592983163278e-01,2.250963226481449420e-01,-1.745381573037285694e-01,-9.980585886207383739e-01,8.772456926541704128e-03,9.996921444133317625e-01,9.808448020751162622e-01,-2.456137434076293424e-01,0.000000000000000000e+00
1.391316012001747315e-01,6.984883360756467818e-02,6.347301416760509074e-02,6.954376482110219415e-02,-1.979709088594268085e-01,2.338074842334821879e-01,-2.142205073830703854e-02,9.981632599441485620e-01,9.879115288106363746e-01,-2.607114349992139535e-01,0.000000000000000000e+00
-3.126785542583280231e-01,-1.596731752942305016e-01,-5.742360671730437766e-02,-1.580723478543156202e-01,5.906039454460641769e-02,-9.588705735923974682e-01,-1.668543180982495419e-02,9.988859721130356473e-01,9.956233659134133829e-01,-2.583429094638371448e-01,0.000000000000000000e+00
-8.424195474116723259e-02,-4.218345323739578628e-02,-8.107204937911047238e-02,-4.164892815696873141e-02,3.088305962631727741e-01,-9.356569144590748399e-01,4.498758403549412560e-02,9.918826355555259155e-01,9.753193614279207502e-01,-2.275024134812125565e-01,0.000000000000000000e+00
-2.923270590482873049e-02,-1.461895613005765281e-02,2.442884445606301885e-02,-1.456828425339567155e-02,-1.277183763723573340e-01,-7.301792377636806552e-01,-2.380364427604100830e-02,9.977318340674143915e-01,9.967481735246386254e-01,-2.619023841476039172e-01,0.000000000000000000e+00
1.854790529917281494e-02,9.274617434250263109e-03,1.518077117129357397e-02,9.270872447948504125e-03,-5.670241627148665808e-02,-5.636588768356745049e-01,-7.907621769600796380e-03,9.997498572184843058e-01,9.991633895642074714e-01,-2.539538314877375913e-01,0.000000000000000000e+00
-3.409859172548170281e-01,-1.748562228977801336e-01,-1.812847061332394372e-01,-1.679956915456183586e-01,5.847811112443147552e-01,-8.601283852536298902e-01,7.055492749484804094e-02,9.799560405845767486e-01,8.961112348128581484e-01,-2.147078947025802820e-01,0.000000000000000000e+00
-3.581221143862711731e-01,-1.841459379219452797e-01,-1.565863240283457691e-01,-1.795422013338974776e-01,4.704647633221015202e-01,-8.609375605282326704e-01,4.857421178169843423e-02,9.905325126281530057e-01,9.286226119754041886e-01,-2.257081176229608077e-01,0.000000000000000000e+00
-4.323829669898719974e-01,-2.254137911098615943e-01,-6.741559542642314162e-02,-2.202089545621208344e-01,2.317186640333546155e-02,-8.583406667815902669e-01,-3.362686011968464561e-02,9.954701198536539675e-01,9.957103980346095895e-01,-2.668150145765453285e-01,0.000000000000000000e+00
-4.949448724356745877e-01,-2.617439745494015146e-01,-1.341774424153823753e-01,-2.559896672300825404e-01,2.769151340669292471e-01,-7.389171475199903805e-01,3.005069578561677269e-03,9.999638777923857136e-01,9.619214201638791595e-01,-2.484974640800052259e-01,0.000000000000000000e+00
-3.983839149758479081e-01,-2.063005106263789135e-01,-6.798767776888872683e-02,-2.026161166709651851e-01,4.886879694080178971e-02,-8.874966477381631691e-01,-2.610803139115975419e-02,9.972710052790635382e-01,9.946728566235498725e-01,-2.630547572460946171e-01,0.000000000000000000e+00
-5.011761657906477208e-01,-2.654565443050269646e-01,-9.484102131050868578e-02,-2.582682820114398092e-01,9.605006599066454043e-02,-7.715072464501856464e-01,-2.786778154133082858e-02,9.968903310015937436e-01,9.876866047753184441e-01,-2.639347926110510167e-01,0.000000000000000000e+00
-3.447580548332936368e-01,-1.768944823700552282e-01,-5.354851019884434432e-02,-1.743740942048001008e-01,2.058733531276635276e-02,-9.388247292241090891e-01,-2.600592935952436568e-02,9.972923275695084744e-01,9.972844523876633893e-01,-2.630036975638062602e-01,0.000000000000000000e+00
-2.731291627030869584e-01,-1.387619579662504599e-01,-9.316393509012776963e-02,-1.376160814316508829e-01,2.456307756711065271e-01,-9.693481328208838343e-01,1.791926753404381872e-02,9.987150495566157193e-01,9.778389392434251315e-01,-2.410401264803015142e-01,0.000000000000000000e+00
4.862825796334856177e-02,2.432612010881258710e-02,-7.486243691096278186e-02,2.370581914986854763e-02,3.573551878354130906e-01,-5.390455972611920554e-01,6.526867311273117089e-02,9.828633340533899920e-01,9.717550028266702666e-01,-2.173540733175818584e-01,0.000000000000000000e+00
-4.056476538494132034e-01,-2.103508773435180668e-01,-6.801865950032200125e-02,-2.063836858626916237e-01,4.406890471597213477e-02,-8.812390141327569593e-01,-2.758827085958764566e-02,9.969524603209612978e-01,9.948564723804519394e-01,-2.637950104040150956e-01,0.000000000000000000e+00
3.426329132214436246e-01,1.757457180735951530e-01,4.244601989332465880e-02,1.727725836989053021e-01,2.717196485633269210e-02,5.875483485926145111e-01,3.390520300747786042e-02,9.953947030781068461e-01,9.991664016379059321e-01,-2.330457743028913342e-01,0.000000000000000000e+00
-2.188868724590278814e-01,-1.105602236142962241e-01,-7.535980270069822518e-02,-1.099624338866675155e-01,2.008220523306913918e-01,-9.968920831305753127e-01,1.510153652150972303e-02,9.990874970105139141e-01,9.853791248424929039e-01,-2.424490882358835420e-01,0.000000000000000000e+00
7.572794792580432588e-02,3.790932911719102627e-02,-4.929143222050333395e-02,3.729923605191901720e-02,2.643926957321898752e-01,-3.610632236986305310e-01,5.118287228139043604e-02,9.894846799679684057e-01,9.859994413159930415e-01,-2.244029756005518905e-01,0.000000000000000000e+00
1.975067123651234602e-01,9.957040974996533844e-02,1.490895384252190758e-01,9.598011310147518127e-02,-5.317169204509830660e-01,7.554891162023038564e-01,-7.450882411374776249e-02,9.776296403146408354e-01,9.210622289074594793e-01,-2.872716566541586580e-01,0.000000000000000000e+00
2.329321255431145987e-01,1.178159409537496705e-01,-1.842220373762554209e-03,1.158248404658505648e-01,1.521460642614049785e-01,8.319248328053483466e-01,4.551217598906205641e-02,9.916916977459521165e-01,9.979229838818454157e-01,-2.272399831909494849e-01,0.000000000000000000e+00
1.063572976393467179e-01,5.330461755418867964e-02,-9.831771138590185422e-02,5.050446107194433987e-02,4.798851607871512659e-01,-2.408704625299539492e-01,9.372279413567924378e-02,9.644537905703780556e-01,9.473262715971684234e-01,-2.031042703794523896e-01,0.000000000000000000e+00
8.368416106489007245e-01,5.148127475035723100e-01,2.788046907026098808e-01,4.746245165374557429e-01,-6.112626732387399509e-01,-8.268852350873207024e-01,-1.929617568394164859e-02,9.985098910826405438e-01,8.150317955531114489e-01,-2.596483872191299169e-01,0.000000000000000000e+00
7.247901050224085928e-01,4.160812014049471430e-01,1.462203704577346164e-01,3.896978904355054563e-01,-1.417407574508450230e-01,9.419235405139864126e-01,4.446287945146971260e-02,9.920713764707983495e-01,9.687117854731946975e-01,-2.277648970173482001e-01,0.000000000000000000e+00
6.497573149852203800e-01,3.608233529095312142e-01,1.504843403579498307e-01,3.453795073322360465e-01,-2.270820669693465466e-01,-9.969425545185690574e-01,2.114845682467791227e-02,9.982099043493818380e-01,9.598003550241717141e-01,-2.394253774533607881e-01,0.000000000000000000e+00
8.401473036701845309e-01,5.181752515389517200e-01,3.104926638599962430e-01,4.733456290064229077e-01,-7.472548722749321470e-01,5.480163484053836020e-01,-4.185135540604677240e-02,9.929775021127612566e-01,7.567210846555605386e-01,-2.709287325778268474e-01,0.000000000000000000e+00
8.766424321109991258e-01,5.579131557982779377e-01,3.508937636941888982e-01,4.991925875948773905e-01,-8.746084943966463410e-01,-9.192198420013960591e-01,-5.785298909662607569e-02,9.865524386999205975e-01,6.790568042530097381e-01,-2.789345652547016163e-01,0.000000000000000000e+00
9.080350202276176175e-01,5.971630454819034650e-01,3.053433652989193670e-01,5.387336023869916390e-01,-6.266557314794789502e-01,3.968593039490755925e-01,-9.567118743270687509e-03,9.996338362758497853e-01,7.786827336961678059e-01,-2.547835958584731553e-01,0.000000000000000000e+00
9.767647784927663279e-01,7.203977705993029890e-01,3.985167750450243629e-01,6.222615689514479076e-01,-8.839851078135922968e-01,5.414269430286788864e-01,-3.468001148556343338e-02,9.951814751109774315e-01,5.871048245548373679e-01,-2.673417438585204420e-01,0.000000000000000000e+00
9.083688972375612014e-01,5.976140355826178308e-01,2.669621174452696533e-01,5.381509300742672863e-01,-4.536580762492962715e-01,-9.906024234122851047e-01,1.938120636053645290e-02,9.984967229092553964e-01,8.456799974515163409e-01,-2.403090934672940937e-01,0.000000000000000000e+00
9.912211940647497332e-01,9.095672618673390497e-01,4.674590796018693872e-01,7.519137149111700946e-01,-9.139922635443311627e-01,5.087238634372038826e-01,-1.038888733835205934e-02,9.995682219550643399e-01,3.774057486530700833e-01,-2.551944903889308836e-01,0.000000000000000000e+00
9.945212995289782754e-01,8.959737063954115177e-01,5.406850797540848630e-01,7.205654271603907368e-01,-1.254219062972563581e+00,-8.111314421025455079e-01,-7.159101520312859124e-02,9.793590204807161026e-01,1.709958117615553719e-01,-2.858108039218127949e-01,0.000000000000000000e+00
9.881683825166005519e-01,9.196477165627555683e-01,4.852811456217631103e-01,7.577707190240741131e-01,-9.756077159043804459e-01,9.898732684504141233e-01,-1.891041854509863118e-02,9.985689023176193002e-01,3.220897116076723576e-01,-2.594554910509583867e-01,0.000000000000000000e+00
9.672677965414723245e-01,9.625306031599086820e-01,5.319465247892551929e-01,7.873988449414224267e-01,-1.094601415162969715e+00,-9.985628660012604296e-01,-3.032057885413573864e-02,9.963181434840636674e-01,1.525820247873745095e-01,-2.651614509857387891e-01,0.000000000000000000e+00
9.958582223461805993e-01,8.891374324929989248e-01,4.977968472383716980e-01,7.305845312597289976e-01,-1.083129353221450319e+00,-9.979239920691249655e-01,-4.249363423910366977e-02,9.927597831061687472e-01,3.002497578888742580e-01,-2.712500148276202339e-01,0.000000000000000000e+00
9.843585800537746344e-01,9.301664574516360640e-01,4.647101534543063295e-01,7.668544943596532493e-01,-8.632418246429244268e-01,7.120692902093371801e-01,1.784499905570339790e-03,9.999872621862645472e-01,3.737682151804671005e-01,-2.491077498104384003e-01,0.000000000000000000e+00
9.321238944713446939e-01,6.321374804060613251e-01,3.185408072269312885e-01,5.645798585891981247e-01,-6.412373812641446458e-01,-1.465787441726873197e-01,-6.855319989787906493e-03,9.998120065724648287e-01,7.572319803343102729e-01,-2.534276734186482472e-01,0.000000000000000000e+00
9.661158952715863668e-01,6.946342462328642942e-01,2.265273409080311717e-01,5.831826520974734418e-01,-1.674799767013343543e-01,-6.590483465499799021e-01,8.484896990990060950e-02,9.709267928141809278e-01,9.109481737417739478e-01,-2.075500443228037728e-01,0.000000000000000000e+00
9.384379439264168843e-01,6.422967688750992332e-01,2.689626128375667280e-01,5.681232335795038946e-01,-4.064527054618302104e-01,9.513798876549256489e-01,3.399990945673572046e-02,9.953688998292508083e-01,8.465737111324095343e-01,-2.329984074287150542e-01,0.000000000000000000e+00
7.624272783384385965e-01,4.465430315435935382e-01,2.783206952079089191e-01,4.153109700811413729e-01,-6.919949500574711365e-01,-7.919978338385128547e-01,-4.357247897062918596e-02,9.923865422524247304e-01,8.035085616194036495e-01,-2.717896870150972588e-01,0.000000000000000000e+00
9.359119022768875862e-01,6.381728348853122901e-01,3.407029517982482214e-01,5.675601010250163059e-01,-7.328502005813293252e-01,8.640293317942334683e-01,-2.129634346446963519e-02,9.981847661231314506e-01,7.127680126739495137e-01,-2.606485741930317235e-01,0.000000000000000000e+00
9.540477063788138645e-01,6.699027547849012443e-01,3.780682513564324609e-01,5.866916372715080819e-01,-8.582242844873155807e-01,9.940425049889870524e-01,-3.782238582391051623e-02,9.942669585495351736e-01,6.327812339290282972e-01,-2.689134476580929967e-01,0.000000000000000000e+00
7.525672012609072592e-01,4.383477138206648971e-01,2.107340212999918860e-01,4.131670085092066236e-01,-4.010748830473577220e-01,-1.167009520178254739e-01,4.150607725684987530e-03,9.999310882391664324e-01,9.059590688560198446e-01,-2.479246931577865631e-01,0.000000000000000000e+00
8.710163626162660266e-01,5.514347763780650391e-01,2.513141106525855761e-01,5.037179917112009075e-01,-4.417353751357095959e-01,-4.892220028571080404e-01,1.450134872933358035e-02,9.991586077053421500e-01,8.647914147594882861e-01,-2.427491985711699440e-01,0.000000000000000000e+00
5.884433832882177695e-01,3.196589944604936173e-01,1.106687860508923371e-01,3.070128097335589890e-01,-1.005750297407566607e-01,-9.358658725825399483e-01,3.594314856207091180e-02,9.948234619364927367e-01,9.836013200777812271e-01,-2.320264906643687564e-01,0.000000000000000000e+00
4.333683627406507699e-01,2.259738438935369464e-01,1.246902680772496719e-01,2.221311954494691876e-01,-2.788157582591280770e-01,-9.848989888223523836e-01,-9.121595668304503454e-03,9.996671490489502654e-01,9.652408341215085175e-01,-2.545608294572800911e-01,0.000000000000000000e+00
1.298399436391231843e-01,6.514973849572137932e-02,6.646230805429526045e-02,6.480586120411847839e-02,-2.170579698346775388e-01,1.699770707239109113e-01,-2.542418758428366052e-02,9.974122147633056601e-01,9.860911353358796649e-01,-2.627127785832051865e-01,0.000000000000000000e+00
1.086398330908250609e-01,5.445420089628205673e-02,3.282744166681113990e-03,5.429534625624275745e-02,5.308386834149501909e-02,-7.511952061699066208e-02,1.795323470957592080e-02,9.987101714255151030e-01,9.998492726617068671e-01,-2.410231415265181310e-01,0.000000000000000000e+00
3.553067150361055582e-01,1.826142796052417361e-01,8.227194310594458659e-02,1.805771470029650938e-01,-1.420806679202965273e-01,3.430597386566747176e-01,6.591788099291225750e-03,9.998261832491454060e-01,9.876575857823282067e-01,-2.467040940159607176e-01,0.000000000000000000e+00
-2.313641928358369237e-01,-1.170044450353085880e-01,-1.686360459010127766e-02,-1.157970106271915128e-01,-6.924798723900116304e-02,-9.996728727283643590e-01,-3.117952339164001274e-02,9.961063100831578643e-01,9.999710673867587829e-01,-2.655910248006556618e-01,0.000000000000000000e+00
-5.185595847440946926e-01,-2.759141998707136390e-01,-3.893314595025038072e-02,-2.605664398349953892e-01,-1.551092619126049343e-01,-8.075025793085184311e-01,-7.365631970836333808e-02,9.781422619138347985e-01,9.998514901612716166e-01,-2.868448190673419940e-01,0.000000000000000000e+00
-3.777603210238522635e-01,-1.948917418873376550e-01,-4.845217516241888400e-02,-1.909436884279447910e-01,-2.369336298054994239e-02,-9.169324011471507996e-01,-3.652182832886944480e-02,9.946551389478532901e-01,9.987602663624374211e-01,-2.682629442026921440e-01,0.000000000000000000e+00
-3.694298510260870527e-01,-1.903198955274629234e-01,-2.107576179703668506e-01,-1.796971134477794718e-01,6.873270322540915300e-01,-8.035253379790704420e-01,8.690667699729744122e-02,9.694853946545867185e-01,8.563389505778158384e-01,-2.065192914047069561e-01,0.000000000000000000e+00
-4.928984871280956970e-01,-2.605287651780209823e-01,-3.093836445883718644e-02,-2.466036698968640251e-01,-1.717134373081398713e-01,-8.356908290001553441e-01,-7.397551406264733787e-02,9.779510369945715320e-01,9.994045773713394754e-01,-2.870046338452666990e-01,0.000000000000000000e+00
-2.296183272373018003e-01,-1.161013128555901663e-01,-1.402521930140172013e-01,-1.129671408795862586e-01,4.776416585785802082e-01,-9.788770536680354573e-01,6.169946570272119568e-02,9.846954984034518299e-01,9.343299333600540990e-01,-2.191404767961483979e-01,0.000000000000000000e+00
-7.049852565283960537e-01,-4.008640047580031562e-01,-1.966906150248417806e-01,-3.812964409823383360e-01,3.847064482962310183e-01,-4.690003092645936844e-01,-1.082462676979446207e-03,9.999953130908894039e-01,9.178646622535011623e-01,-2.505412313913376043e-01,0.000000000000000000e+00
-2.204855412667977299e-01,-1.113845829872669030e-01,-1.307584294247500500e-01,-1.088301452670469571e-01,4.428078236374463073e-01,-9.861820935401163224e-01,5.634230598614405061e-02,9.872484819151838842e-01,9.434382596963067913e-01,-2.218213923012911093e-01,0.000000000000000000e+00
-4.961794753611838971e-01,-2.624780753311309334e-01,-2.185915412055143836e-01,-2.500405924854739448e-01,6.455742692908368330e-01,-6.465061699513073856e-01,6.604459960310543609e-02,9.824511001218735329e-01,8.621415240012718639e-01,-2.169656916595306684e-01,0.000000000000000000e+00
-2.714034669856231208e-01,-1.378567533148246094e-01,-6.290654121664723819e-02,-1.369771370146717626e-01,1.108131899302656070e-01,-9.803470959128794959e-01,-4.435903030877377633e-03,9.999212889921808012e-01,9.927422709229966058e-01,-2.522179551523753838e-01,0.000000000000000000e+00
-1.036971798358478358e-01,-5.196531146357877273e-02,-5.607031900802321445e-02,-5.176011276265570643e-02,1.869491677477941594e-01,-9.481090129401581468e-01,2.257012201430928094e-02,9.979609745645987573e-01,9.898880900963558105e-01,-2.387144599078128426e-01,0.000000000000000000e+00
-8.663979097332592805e-02,-4.338787219338925000e-02,7.891559707720874339e-04,-4.328677382632797194e-02,-5.761191085870448481e-02,-8.897188309324338684e-01,-1.685977093711915273e-02,9.988625615999644491e-01,9.997104961779956778e-01,-2.584300851584657721e-01,0.000000000000000000e+00
-4.756167533042995194e-02,-2.379205643170369602e-02,2.693293305141087127e-03,-2.377048667320428438e-02,-4.181246396377219510e-02,-8.033046036743555218e-01,-1.094157048709050971e-02,9.995210517041315246e-01,9.998004270613942701e-01,-2.554708398234715738e-01,0.000000000000000000e+00
-2.061451798094362242e-01,-1.040031203608539206e-01,3.962718540278570289e-02,-1.007291755269416056e-01,-2.967362228913627553e-01,-9.915754578700929356e-01,-6.868674595423061857e-02,9.810099773388848421e-01,9.851935740029903465e-01,-2.843568816451238490e-01,0.000000000000000000e+00
5.592758130876267914e-03,2.796397288150809148e-03,-3.112841629278918082e-02,2.786418827996577259e-03,1.430512887837839808e-01,-6.704413526879506868e-01,2.439496051929783763e-02,9.976176550510337249e-01,9.955040736715771166e-01,-2.378019147966440316e-01,0.000000000000000000e+00
-4.987254924332550354e-01,-2.639942334582640604e-01,-6.247842223625743596e-02,-2.540106790298108930e-01,-4.361363019920205808e-02,-8.036343128462009044e-01,-5.159996748234418895e-02,9.893119926846598577e-01,9.981990240863274355e-01,-2.758057097589390882e-01,0.000000000000000000e+00
-1.557172022173261561e-01,-7.825629225927248356e-02,-1.325082810161437585e-01,-7.582396937231325462e-02,4.862110698058857983e-01,-9.996390403542585457e-01,7.004999507600735698e-02,9.802437589743067115e-01,9.357614348366558588e-01,-2.149606731200179310e-01,0.000000000000000000e+00
4.795152297281127241e-01,2.526289284207793862e-01,1.215674182777227996e-01,2.474393405021741987e-01,-2.315406307134552644e-01,-3.619365766499701986e-01,3.085254864281490074e-03,9.999619243264509239e-01,9.706072182878087151e-01,-2.484573713441949050e-01,0.000000000000000000e+00
8.802742793705228830e-02,4.408501730712412192e-02,9.295919926478253548e-02,4.331354501615226199e-02,-3.578219441080391361e-01,-7.807090663841040334e-02,-5.319019073640951500e-02,9.886405587120004057e-01,9.669872919471439454e-01,-2.766013673716689047e-01,0.000000000000000000e+00
2.846689967483978512e-02,1.423585369413414396e-02,-1.990295286789137488e-02,1.419984868160078899e-02,1.070586407515689981e-01,-5.636299923036321990e-01,2.026556964543063666e-02,9.983563272791744492e-01,9.977650103576856111e-01,-2.398668683741276009e-01,0.000000000000000000e+00
2.247579193171743150e-01,1.135895220025709695e-01,6.135579244119290093e-02,1.130965924672358291e-01,-1.341420504039399220e-01,8.370416271570433331e-01,-3.466042228158621678e-03,9.999519454353704706e-01,9.918574791535462731e-01,-2.517330228490447519e-01,0.000000000000000000e+00
7.062192118090180326e-01,4.017975060357289463e-01,2.301223024301795872e-01,3.808230338203764109e-01,-5.335077058186104004e-01,6.645032289208602228e-01,-2.365194710244846246e-02,9.977606728066029662e-01,8.736425674640941885e-01,-2.618265248839236614e-01,0.000000000000000000e+00
6.918862543053901915e-01,3.910670878736088873e-01,2.162195151567992690e-01,3.721668896208404353e-01,-4.846348394928077230e-01,-7.410084474757762107e-01,-1.712774565461850154e-02,9.988261023651762160e-01,8.914194568775873906e-01,-2.585640821913609000e-01,0.000000000000000000e+00
6.940732708645830362e-01,3.926887839726972973e-01,2.132388956489572607e-01,3.737705562796319603e-01,-4.692734835614779110e-01,-3.742924198783043610e-01,-1.430214344536313680e-02,9.991815716304326411e-01,8.957070164351096375e-01,-2.571511936219307293e-01,0.000000000000000000e+00
5.985670864787588918e-01,3.262551388452190615e-01,1.955455244003936055e-01,3.141696255132051530e-01,-4.720455351667767196e-01,-3.071961882012223533e-01,-2.529532527054803581e-02,9.974384029222427284e-01,9.074562168015614105e-01,-2.626483370660075423e-01,0.000000000000000000e+00
8.328142961023459190e-01,5.107620195940021368e-01,2.113745995632244079e-01,4.699504707841063444e-01,-3.141339955991321320e-01,4.494374908581485473e-01,2.981751414521071827e-02,9.964394485758417686e-01,9.144460614603675541e-01,-2.350901382342108215e-01,0.000000000000000000e+00
9.261306952813815885e-01,6.229219159278887030e-01,2.554334760699555895e-01,5.534253054500967162e-01,-3.709604236038037683e-01,4.354477809540028416e-02,3.714861337164503813e-02,9.944697688590138362e-01,8.660228883835147107e-01,-2.314235569439396512e-01,0.000000000000000000e+00
9.150389434248813458e-01,6.068026419246582703e-01,2.766189517896825434e-01,5.454026337877178054e-01,-4.852462077458412071e-01,-1.292455888636783734e-01,1.544811352352049721e-02,9.990451194346998687e-01,8.308184372155761332e-01,-2.422757896261209798e-01,0.000000000000000000e+00
9.887177860105019755e-01,7.577847444308769553e-01,4.154199101660479565e-01,6.476369332842296656e-01,-9.095296193545414631e-01,-5.472427991885063792e-01,-3.344221460791899775e-02,9.955198043509421169e-01,5.454418955782905920e-01,-2.667226658599917699e-01,0.000000000000000000e+00
9.516494014456956529e-01,6.653881085294123254e-01,3.290299509535906108e-01,5.885379483716124405e-01,-6.453823592631809936e-01,-4.506401239039317108e-01,-2.683727718656599842e-03,9.999711901454650942e-01,7.393117723893116722e-01,-2.513418646647149757e-01,0.000000000000000000e+00
9.727207175864033273e-01,9.540668129987468493e-01,4.418036183748128565e-01,7.800171586952058256e-01,-7.111939260459361201e-01,-8.708687660173910494e-01,3.207432277825211786e-02,9.958793083135627500e-01,4.193603076037096256e-01,-2.339614636006563664e-01,0.000000000000000000e+00
9.666068699084162663e-01,6.957257898092767956e-01,2.937627287883851079e-01,6.053858434938150790e-01,-4.484070067759661216e-01,5.946625356369423798e-01,3.482173077710647852e-02,9.951419493455894161e-01,8.080762440551961800e-01,-2.325873750984365218e-01,0.000000000000000000e+00
9.911451137925699761e-01,9.098421185080738383e-01,4.821210495683055375e-01,7.505519472315990148e-01,-9.791742128040010762e-01,5.122678445122921254e-01,-2.125554197919532484e-02,9.981917192251431592e-01,3.361438416302310883e-01,-2.606281711415403546e-01,0.000000000000000000e+00
9.983576037987631491e-01,8.718803352441599763e-01,3.638059432700994078e-01,7.160317765174166738e-01,-5.158257269762542840e-01,4.141331582690856994e-01,5.047346383085407617e-02,9.897751286379354863e-01,6.551263604602289847e-01,-2.247579090230573118e-01,0.000000000000000000e+00
9.986707674519905709e-01,8.132521530090275341e-01,5.218408872601960624e-01,6.543627820589846822e-01,-1.283947385560479715e+00,-6.489079948085406668e-01,-9.198845167659272515e-02,9.657716350311248421e-01,2.463524130469435525e-01,-2.960266864230557404e-01,0.000000000000000000e+00
9.989672570720888878e-01,8.656847593922054607e-01,4.019206435655189869e-01,7.213859791863667104e-01,-6.928705946159442464e-01,9.746056918979215666e-01,1.925167143312123130e-02,9.985167600516904329e-01,5.657350734548527438e-01,-2.403738669729870159e-01,0.000000000000000000e+00
9.937368812298118526e-01,8.995560849805064318e-01,3.451823317435263605e-01,7.196328603980596261e-01,-3.974376162169397930e-01,-2.725963016674257666e-01,7.666704355038930774e-02,9.763047220994007791e-01,6.897462546739736577e-01,-2.116476906702383087e-01,0.000000000000000000e+00
9.305583135098900449e-01,6.296922285804679165e-01,2.432432998623472731e-01,5.549855408196224804e-01,-3.097077482778075597e-01,-2.618291059471332116e-01,4.873480268936570409e-02,9.904696106615059614e-01,8.843959646326096102e-01,-2.256277746302533249e-01,0.000000000000000000e+00
9.795946733071757562e-01,7.281784880630425283e-01,3.500454208092478314e-01,6.319882543148859222e-01,-6.569247561465124674e-01,-9.959193923537547066e-01,4.549335069857453860e-03,9.999172119172051731e-01,6.985246091466096319e-01,-2.477253285419346585e-01,0.000000000000000000e+00
9.564278669261910837e-01,6.744999481519732276e-01,3.509403555607659153e-01,5.941009129850277626e-01,-7.319423377224620886e-01,4.120872011507503707e-01,-1.580475612154732049e-02,9.990005059836265522e-01,6.941720820052186269e-01,-2.579025425596754850e-01,0.000000000000000000e+00
8.696232230371621075e-01,5.498526445916268601e-01,2.166838198434580809e-01,4.983429018433133129e-01,-2.900708456554318415e-01,9.367467926123955735e-01,3.990492451146493424e-02,9.936168699504973612e-01,9.121780449901236709e-01,-2.300448896258496800e-01,0.000000000000000000e+00
6.229194053002370390e-01,3.424335827619562900e-01,1.409496417025570825e-01,3.290141715478307471e-01,-2.071327009733774926e-01,9.818941857361488390e-01,2.157719699143115927e-02,9.981365423690166105e-01,9.655770842103311713e-01,-2.392109829092636808e-01,0.000000000000000000e+00
7.715441135748725143e-01,4.542706135282472135e-01,1.532805455958937413e-01,4.193692180603088016e-01,-1.279468124128423367e-01,-9.913486678621726833e-01,5.300317801399624662e-02,9.887205932470408687e-01,9.667124030231678544e-01,-2.234922049252221210e-01,0.000000000000000000e+00
6.407321306281412721e-01,3.545692339251720893e-01,1.850717042149131464e-01,3.406581643423815531e-01,-3.901728720073720513e-01,-5.626107690500663505e-01,-7.076648646170809187e-03,9.997996708004568411e-01,9.246191585943472901e-01,-2.535383390894583866e-01,0.000000000000000000e+00
7.773743134268997768e-01,4.592922772845291490e-01,2.134150514738851478e-01,4.304309014940292943e-01,-3.869659322285235459e-01,8.227500661847481078e-02,9.717921366139570943e-03,9.996222004529661254e-01,9.054652325781878952e-01,-2.451410010773600878e-01,0.000000000000000000e+00
-1.849233096279677135e-01,-9.313078169782666726e-02,-3.384415440497211269e-02,-9.281248166163579005e-02,3.593263694205407061e-02,-9.965860890489186552e-01,-9.515881884542734537e-03,9.996377482373429713e-01,9.984769875328313171e-01,-2.547579768460220273e-01,0.000000000000000000e+00
4.438045619013444298e-01,2.319276273597995208e-01,2.871410252637757732e-01,2.060915113113980790e-01,-9.278647774822673666e-01,-9.390825976905554651e-01,-1.287539644023243113e-01,9.322328640074785122e-01,7.243062723128624869e-01,-3.144660644465967492e-01,0.000000000000000000e+00
1.635453236671221833e-01,8.223392727027850624e-02,1.528103667332971760e-01,7.864939076432238274e-02,-5.639558971312752522e-01,5.343633242790065685e-01,-8.378732474979887213e-02,9.716564513009974258e-01,9.128241219369325199e-01,-2.919181884881008049e-01,0.000000000000000000e+00
3.361020521786907689e-01,1.722226631329572266e-01,1.030265526640969237e-01,1.703810496399081886e-01,-2.483621171674943451e-01,6.009913403262323595e-01,-1.284179653425226823e-02,9.993402080087915307e-01,9.749135324956407223e-01,-2.564209865087058726e-01,0.000000000000000000e+00
-3.413226037742564944e-01,-1.750380008381833274e-01,-5.215473874117690367e-02,-1.725614266490730353e-01,1.665909639250712226e-02,-9.419884845653805350e-01,-2.636021706101827206e-02,9.972179812068623361e-01,9.975225424333744595e-01,-2.631808717788749474e-01,0.000000000000000000e+00
-3.233292533436800675e-01,-1.653631655340110640e-01,-1.641347261558713799e-01,-1.602261961826124126e-01,5.237813954129867389e-01,-8.908680927301219077e-01,6.122769510234293139e-02,9.849298051222412642e-01,9.162141884404443326e-01,-2.193765850179831278e-01,0.000000000000000000e+00
-2.420805509205321837e-01,-1.225586417440283210e-01,-9.393528956705363142e-02,-1.215101575368047193e-01,2.690151658484781771e-01,-9.855886916650564711e-01,2.454872810543020159e-02,9.975875031753670408e-01,9.756477171150534922e-01,-2.377250194915192794e-01,0.000000000000000000e+00
9.848619743549080763e-02,4.934304524657922436e-02,-4.484108440534695372e-02,4.850422041280083585e-02,2.583859362999531006e-01,-2.145397172620989723e-01,5.213070920597360353e-02,9.890901979847920300e-01,9.872402445945810401e-01,-2.239287408348546449e-01,0.000000000000000000e+00
-4.802143105224454533e-01,-2.530395767232602733e-01,-2.133699097050149596e-01,-2.415013125324444732e-01,6.340473960261474584e-01,-6.706459356094544022e-01,6.561484690564535482e-02,9.826800344927080211e-01,8.679199000591615309e-01,-2.171808009718148025e-01,0.000000000000000000e+00
-3.546870243856523053e-01,-1.822774404512309820e-01,-1.111957861349035515e-01,-1.800475715694466461e-01,2.725210816008033499e-01,-8.966721546664041531e-01,1.522641001746609206e-02,9.990723390953984984e-01,9.703246097599327324e-01,-2.423866478984760542e-01,0.000000000000000000e+00
-2.886612038620668397e-01,-1.469354641407208117e-01,-1.414765999068913760e-01,-1.436193776767006047e-01,4.482551560581480854e-01,-9.364891357701354835e-01,5.110386351393655935e-02,9.895172313871527514e-01,9.384781302862665875e-01,-2.244425058279013729e-01,0.000000000000000000e+00
-3.948173013270950826e-01,-2.043179805303398100e-01,-2.131771265704650586e-01,-1.932452784338309915e-01,6.833434815912103888e-01,-7.712099284608967542e-01,8.352016284685846725e-02,9.718385693050665131e-01,8.561676388825866235e-01,-2.082156264345743080e-01,0.000000000000000000e+00
-1.968912129668709543e-01,-9.925495368000478158e-02,-4.884486642952555469e-02,-9.893074777141974696e-02,9.575300028426164678e-02,-9.997061320990346944e-01,-5.566718054968888179e-04,9.999987604654916318e-01,9.952805781557862996e-01,-2.502783359099360894e-01,0.000000000000000000e+00
-5.627587233112362197e-01,-3.032365133601911955e-01,-2.531751958914877365e-01,-2.841091060614990282e-01,7.444235360865141260e-01,-5.301740106986624346e-01,7.696733101601302418e-02,9.761172883743897133e-01,8.148003449666458842e-01,-2.114973252240771595e-01,0.000000000000000000e+00
-6.301961106674012214e-01,-3.473588142076166063e-01,-1.072428006658982247e-01,-3.296146296550760968e-01,5.307821782515464992e-02,-6.422384824998512709e-01,-4.865910049921626235e-02,9.904992886971573096e-01,9.873068401693699814e-01,-2.743343518258390956e-01,0.000000000000000000e+00
-4.315880580812854195e-01,-2.249622631217352564e-01,-1.398433831879659361e-01,-2.207022374756459904e-01,3.479675869803173782e-01,-7.984720213477013440e-01,2.086131963320710450e-02,9.982582113875395624e-01,9.522120693409857894e-01,-2.395689618863148518e-01,0.000000000000000000e+00
-2.511950356848094423e-01,-1.272975391743579598e-01,-3.288063766305350522e-02,-1.262147376692125400e-01,-1.067979689383130593e-02,-9.947706966829964470e-01,-2.301257492561154666e-02,9.978801900427811677e-01,9.993689284848212839e-01,-2.615067952800037010e-01,0.000000000000000000e+00
3.885631005305403146e-02,1.943427022141375540e-02,-8.832902678347132053e-02,1.880928557919271313e-02,4.075975573298450394e-01,-6.008645495383654334e-01,7.353439211903305128e-02,9.782150825922915072e-01,9.619235834107361383e-01,-2.132162273511083173e-01,0.000000000000000000e+00
-3.886729993657617177e-01,-2.009120876297486313e-01,1.017470166861920988e-02,-1.902598885045834187e-01,-2.766437820664996994e-01,-9.415933035477089819e-01,-8.272880300014312516e-02,9.723744849714592853e-01,9.913427773106008312e-01,-2.913880093435851082e-01,0.000000000000000000e+00
-2.789059586933592128e-01,-1.417963290070319293e-01,-1.293426543133580076e-05,-1.384920771526260141e-01,-1.717757324253031959e-01,-9.924873610858027106e-01,-5.307643901290703264e-02,9.886892743308337561e-01,9.974925351964919473e-01,-2.765444513487466116e-01,0.000000000000000000e+00
1.995128812007166685e-01,1.005989580311222875e-01,-4.351259813204726157e-02,9.732044719271359945e-02,3.091236711180311847e-01,5.532527428476132769e-01,7.032753250046866467e-02,9.800858761958050058e-01,9.834092575264544722e-01,-2.148217333574190258e-01,0.000000000000000000e+00
7.218698432520971597e-02,3.613276854175419273e-02,5.921109884740158313e-02,3.591113990120464727e-02,-2.202287633197924921e-01,-2.265458604297221901e-01,-3.086000839132641005e-02,9.961858037058407556e-01,9.872690464029646451e-01,-2.654312288632946215e-01,0.000000000000000000e+00
-5.239870757352877578e-02,-2.621435859995791678e-02,5.625308236227501146e-02,-2.578550915857816955e-02,-2.808634471036601243e-01,-7.664855730808183276e-01,-5.201963364755175789e-02,9.891368064575288832e-01,9.833721314136456559e-01,-2.760156837167325183e-01,0.000000000000000000e+00
2.638725722850026809e-02,1.319554308346226716e-02,-9.899909746792168175e-02,1.270542573181215190e-02,4.443082249635720293e-01,-6.658153244339563015e-01,7.919757996727057325e-02,9.747015520530439847e-01,9.534646379243401082e-01,-2.103804992113605110e-01,0.000000000000000000e+00
5.705071687476616082e-01,3.081454467599836211e-01,1.613242873474505512e-01,2.988502526221605282e-01,-3.412046241400944480e-01,-7.083159412566102375e-01,-6.275315977151106617e-03,9.998424733669564191e-01,9.433051013916869953e-01,-2.531376682852566895e-01,0.000000000000000000e+00
7.332261877143790851e-01,4.227231998796731616e-01,1.894157157716829798e-01,3.995067630708282191e-01,-3.247781018706383804e-01,-8.566789908719624203e-01,1.447637808263259676e-02,9.991615036958053642e-01,9.292102137147555396e-01,-2.427616845497956310e-01,0.000000000000000000e+00
4.793075196763760260e-01,2.525069588835343604e-01,2.535013128106624603e-01,2.339774213218896171e-01,-7.941547543931681830e-01,-1.785543763296675024e-01,-9.591024460538927210e-02,9.627549360338449880e-01,7.998884822163608854e-01,-2.979919168479673863e-01,0.000000000000000000e+00
6.207976941998440967e-01,3.410056538696034645e-01,6.363602259671743977e-02,3.165147612048509473e-01,1.217817522151076193e-01,9.912441178899284999e-01,7.903984992182412628e-02,9.748030488346164368e-01,9.995746746680503891e-01,-2.104594877822484611e-01,0.000000000000000000e+00
6.905947070373964491e-01,3.901119600860825098e-01,1.519025395398317380e-01,3.698858016911202862e-01,-1.976275333484862062e-01,-9.299413389761687077e-01,3.076236478907020191e-02,9.962099327337463617e-01,9.617301096135909555e-01,-2.346176045266673560e-01,0.000000000000000000e+00
7.987318985781783898e-01,4.782681272246678827e-01,2.965301948201103377e-01,4.406888802850539300e-01,-7.337411341314175051e-01,1.357959628432128633e-02,-4.576438920123222787e-02,9.915991021073665701e-01,7.761546583610758887e-01,-2.728861891034806142e-01,0.000000000000000000e+00
9.826883561003524337e-01,7.373146120679655580e-01,2.615761961252319190e-01,6.173879985973097506e-01,-2.610982879034045578e-01,8.574497187980288926e-01,7.429051122704491417e-02,9.777614926541141616e-01,8.629494483515178782e-01,-2.128376509824690399e-01,0.000000000000000000e+00
8.929822260644956211e-01,5.776205474932035733e-01,3.231179757036682365e-01,5.215478220186265945e-01,-7.305901613952905382e-01,8.525298114687323014e-01,-2.993165927362364739e-02,9.964121033646051728e-01,7.413741599214050959e-01,-2.649669470660920845e-01,0.000000000000000000e+00
9.846234295006445203e-01,9.294927112836670613e-01,4.658500541041588061e-01,7.663828946238321338e-01,-8.696849129339974116e-01,7.507523425129679628e-01,5.848118001169050990e-04,9.999986319800098222e-01,3.710137830471080256e-01,-2.497075940916078651e-01,0.000000000000000000e+00
9.932408405692206843e-01,9.016919101215437049e-01,4.565834767087934565e-01,7.468617731656213010e-01,-8.789780133403656270e-01,-2.222694565791930588e-01,-5.903384729392658486e-03,9.998605937175720770e-01,4.109674149513717345e-01,-2.529517009369207647e-01,0.000000000000000000e+00
9.799819298972001214e-01,7.292832351578300010e-01,2.889238718024938479e-01,6.230770897949474696e-01,-3.850852984601533802e-01,-2.557803973937145536e-01,5.079958962947572765e-02,9.896421152935389598e-01,8.177108663911245579e-01,-2.245947415530233915e-01,0.000000000000000000e+00
9.997939708834231443e-01,8.523740048785988233e-01,4.185168121466565361e-01,7.142406142148861603e-01,-7.881008246344179957e-01,-2.777583668231627945e-01,1.241198440551253461e-03,9.999938376930668227e-01,5.271580569055540622e-01,-2.493794007000511292e-01,0.000000000000000000e+00
9.521949817472196154e-01,6.664052126442824298e-01,4.134179314951795248e-01,5.742172623388539510e-01,-1.013716480007079257e+00,-3.703703815295981694e-01,-6.560535786564584970e-02,9.826850721704661895e-01,5.459156089285084335e-01,-2.828144493986033403e-01,0.000000000000000000e+00
9.998480102646695178e-01,8.508437152556885819e-01,4.243020364833509084e-01,7.131845993297367681e-01,-8.164903625654866826e-01,-5.193490067293415891e-01,-3.729408752780325950e-03,9.999443650097101788e-01,5.126680501215288288e-01,-2.518647065376616312e-01,0.000000000000000000e+00
9.649424291109905960e-01,6.920564499550201365e-01,3.598110136668650205e-01,6.063249212288460699e-01,-7.488006340024764285e-01,8.925759633713099550e-01,-1.605626876513807644e-02,9.989684304896970790e-01,6.759220398329098822e-01,-2.580283068606225028e-01,0.000000000000000000e+00
9.756835616830843438e-01,9.488486207834616604e-01,5.684675985306383295e-01,7.605884168367630371e-01,-1.281395168988159305e+00,-4.707961870331301979e-01,-6.595972326666246777e-02,9.824964358934414888e-01,5.581819223665548946e-02,-2.829918239204718966e-01,0.000000000000000000e+00
9.713049145407355311e-01,7.065978901582922189e-01,3.748075304221417658e-01,6.155307397596240238e-01,-7.968104625585999967e-01,9.698329608215027209e-01,-2.197727163495395014e-02,9.980667540774137425e-01,6.428030381816232097e-01,-2.609890781318614517e-01,0.000000000000000000e+00
7.958786353233091582e-01,4.756771005871887059e-01,2.283616332456694931e-01,4.441007999367315162e-01,-4.336712457990936076e-01,5.293759748128985532e-01,4.426762337570500083e-03,9.999216130527733837e-01,8.879046888260638815e-01,-2.477866152167147451e-01,0.000000000000000000e+00
9.358386195130753427e-01,6.380544148109319469e-01,2.781512688569829361e-01,5.667919607592079023e-01,-4.524693450904709868e-01,-2.953059804837696589e-01,2.557461680365184092e-02,9.973814747271173564e-01,8.311736790572695766e-01,-2.372119945792484363e-01,0.000000000000000000e+00
9.659437170853339971e-01,6.942532994345820274e-01,4.580709946107508479e-01,5.804179199977601566e-01,-1.163245458151728862e+00,6.860289959235031931e-01,-8.894809550163511325e-02,9.680199252827776935e-01,4.293930847815146112e-01,-2.945033933149107663e-01,0.000000000000000000e+00
6.111432597946443446e-01,3.345532653728435779e-01,1.920009047440238426e-01,3.221189692466341903e-01,-4.460584146290151319e-01,6.725133803141862820e-01,-1.959617432878953819e-02,9.984631734147360049e-01,9.132698978798546863e-01,-2.597984007234295234e-01,0.000000000000000000e+00
6.466743846069520352e-01,3.586787246968679566e-01,1.832815809105070304e-01,3.443710392494999106e-01,-3.770017122408894084e-01,-9.661767419016058511e-01,-4.232707512951443089e-03,9.999283350365736345e-01,9.272546953758973309e-01,-2.521163569161645190e-01,0.000000000000000000e+00
6.692539556544152557e-01,3.745943824568550573e-01,2.403920244638283188e-01,3.547991025480223271e-01,-6.116269160757472623e-01,9.872654849396618193e-01,-4.125754116059175691e-02,9.931758154830635510e-01,8.528562554149025088e-01,-2.706316972432786239e-01,0.000000000000000000e+00
6.308348960524347016e-01,3.477932742874755290e-01,1.686390783141730465e-01,3.347105201988672118e-01,-3.246904621876596786e-01,5.048316842011835170e-01,2.770780053361728695e-03,9.999692907972388412e-01,9.413682554972939709e-01,-2.486146090869895409e-01,0.000000000000000000e+00
-7.035111702058086287e-03,-3.517592121357273564e-03,2.588909771191353140e-02,-3.508511820343581441e-03,-1.205772014265835690e-01,-6.531872972886505480e-01,-2.073591896931035322e-02,9.982791007381136561e-01,9.968436304302161766e-01,-2.603683310004596962e-01,0.000000000000000000e+00
3.779378420704104791e-01,1.949893895696669932e-01,3.225484026722046094e-02,1.898474954682222993e-01,9.431086589311335477e-02,2.169943842660160098e-03,4.870611925033240669e-02,9.904808611186665113e-01,9.999996771393857564e-01,-2.256421248638133814e-01,0.000000000000000000e+00
6.163461569889233313e-03,3.081755174860906828e-03,-4.464893788526148183e-02,3.059617180461520012e-03,2.032789774119920512e-01,-6.832508475078166166e-01,3.464236068989891976e-02,9.951919487117051322e-01,9.908055443059171630e-01,-2.326770871946426955e-01,0.000000000000000000e+00
2.097781788949876491e-01,1.058703820534521722e-01,4.112597290515657839e-02,1.054282498330490064e-01,-5.277751475113918317e-02,7.252615311493155748e-01,8.820204447128960484e-03,9.996887836962148333e-01,9.974958101280659850e-01,-2.455898691855180060e-01,0.000000000000000000e+00
-4.596938815930799727e-02,-2.299482270561867617e-02,-1.633377594142917943e-02,-2.298895578525275707e-02,4.475699769491629787e-02,-8.159867085620917670e-01,3.627653222700874015e-03,9.999473596047486756e-01,9.992966680382130429e-01,-2.481861713995037189e-01,0.000000000000000000e+00
-4.799632658383113371e-01,-2.528920851341011078e-01,-1.337664258510945503e-01,-2.476479340490113368e-01,2.860992308302767184e-01,-7.544873773482017043e-01,5.966742996709801204e-03,9.998575851520877800e-01,9.611834397230964999e-01,-2.470166196504421097e-01,0.000000000000000000e+00
-3.926257199578904178e-01,-2.031017851889250769e-01,-1.278592514069903929e-01,-1.998970565722716364e-01,3.213556918111343808e-01,-8.483297796499861265e-01,1.998339154954851399e-02,9.984018058376918914e-01,9.598018729188884102e-01,-2.400079717083469233e-01,0.000000000000000000e+00
-2.290362561674779696e-01,-1.158003145626167324e-01,6.245382628505868200e-02,-1.097626904152871757e-01,-3.997113479380328127e-01,-9.950291945156433115e-01,-9.021754615980244474e-02,9.670907644569483042e-01,9.692141658790187631e-01,-2.951393938013145979e-01,0.000000000000000000e+00
-2.878669756932815682e-01,-1.465163383017220877e-01,-1.369798107447199320e-01,-1.434902171250490854e-01,4.293880152009266205e-01,-9.394827199450407340e-01,4.788762516505455646e-02,9.907990720579709087e-01,9.430264675587347600e-01,-2.260516106561586414e-01,0.000000000000000000e+00
-2.218001711058907310e-01,-1.120627609599206126e-01,-1.524720985400087603e-01,-1.081325051246137536e-01,5.325549147926229576e-01,-9.795329525635353418e-01,7.237401985377604763e-02,9.789019037403193790e-01,9.195613340880305353e-01,-2.137971861689143271e-01,0.000000000000000000e+00
-2.389317098418292928e-01,-1.209246944926034573e-01,-7.938421954753228926e-03,-1.192270654188066353e-01,-1.132122389201454526e-01,-9.994687348158536322e-01,-3.933841234851193081e-02,9.937971904899355335e-01,9.993354890921620770e-01,-2.696717430924093217e-01,0.000000000000000000e+00
-4.437126195181596011e-01,-2.318749939604311805e-01,-1.118226614930067919e-01,-2.278395081463691629e-01,2.135774367808834784e-01,-8.111886193550397195e-01,-2.715314961516258896e-03,9.999705079687187803e-01,9.752066455316932281e-01,-2.513576583149187971e-01,0.000000000000000000e+00
-3.936924332751176592e-01,-2.036935565144065152e-01,-1.711351851835009041e-01,-1.976779920450496830e-01,5.105445015355464244e-01,-8.110282611823046439e-01,5.222058096194185511e-02,9.890524130457201135e-01,9.152073185095161989e-01,-2.238837743607698938e-01,0.000000000000000000e+00
-3.498147722014384731e-01,-1.796326881207497561e-01,-2.495070502169669802e-01,-1.629016557941000143e-01,8.378183490905023456e-01,-7.924083942252169166e-01,1.199439186357076359e-01,9.413555599551555186e-01,7.839404427228880978e-01,-1.899560379926747977e-01,0.000000000000000000e+00
-4.084822241692113165e-01,-2.119362018765491573e-01,-8.884880443470766220e-02,-2.086490893117382839e-01,1.351426679718773227e-01,-8.634535991811683742e-01,-1.255397413843746361e-02,9.993694584670480552e-01,9.866913961918327702e-01,-2.562770695094671591e-01,0.000000000000000000e+00
-3.546209878933213600e-01,-1.822415517930090489e-01,-1.050314160318966683e-01,-1.801416340693279272e-01,2.449101786170985451e-01,-9.007858347644541741e-01,1.061648447149308484e-02,9.995490932799817596e-01,9.746291843863646998e-01,-2.446917079061401989e-01,0.000000000000000000e+00
2.805600545253422173e-01,1.426663768165897239e-01,-5.037010087350510257e-02,1.347758067396735426e-01,3.780498151252121852e-01,9.944618980085266902e-01,9.118838317220057110e-02,9.663709097220263278e-01,9.746382981246497490e-01,-2.043741879244318493e-01,0.000000000000000000e+00
-2.900199507621146755e-01,-1.476527958512634797e-01,1.905713861910504625e-02,-1.423851114039888510e-01,-2.582467318773918885e-01,-9.927197077468705722e-01,-6.956402811687935339e-02,9.805186690394127602e-01,9.913176318814161947e-01,-2.847960471428654383e-01,0.000000000000000000e+00
-2.791102688999212988e-01,-1.419037661146800300e-01,-9.734199240140772869e-02,-1.406286952670517121e-01,2.604326318897099979e-01,-9.639985974114291256e-01,1.988026223785786806e-02,9.984182677010792206e-01,9.754706276570939139e-01,-2.400595414859150734e-01,0.000000000000000000e+00
-3.483899863881041725e-02,-1.742390653593265878e-02,-1.637712623958776509e-02,-1.741868889782535040e-02,5.191045489367758503e-02,-7.865504406465457787e-01,5.749044988790219003e-03,9.998677881007702606e-01,9.991831429310105150e-01,-2.471254695883009778e-01,0.000000000000000000e+00
4.678679169289013950e-01,2.458185967463820121e-01,1.811807415852261516e-01,2.382357442202775177e-01,-5.052084864107125872e-01,-6.165322101666463883e-01,-4.414262903465324128e-02,9.921854738642863492e-01,9.108758735779991511e-01,-2.720748991773923042e-01,0.000000000000000000e+00
3.287283015071335024e-01,1.682577965879386017e-01,1.002306274449039358e-01,1.665471903595365788e-01,-2.407408947439498847e-01,6.937542372522236267e-01,-1.222137142696762616e-02,9.994024333452877773e-01,9.763412071081544186e-01,-2.561107617732655273e-01,0.000000000000000000e+00
-7.633722985033262326e-03,-3.816907831810041011e-03,8.374679336550183706e-02,-3.723282125029333742e-03,-3.721579643257139636e-01,-5.874525330905246978e-01,-6.424143372333696034e-02,9.834014252470818507e-01,9.677711174647669612e-01,-2.821317681701650537e-01,0.000000000000000000e+00
1.503444059388549525e-01,7.552986204264920678e-02,9.061688667209043258e-02,7.467814218276946914e-02,-3.111343851042526198e-01,3.557444831450909950e-01,-3.965236262985052246e-02,9.936975814201438606e-01,9.726202631421255740e-01,-2.698287794651365590e-01,0.000000000000000000e+00
4.238382215793020102e-01,2.205722263057771360e-01,1.679830923673761578e-01,2.146323972379535761e-01,-4.774279138543383594e-01,-9.385823936434052328e-01,-4.359345420883899147e-02,9.923791919333998512e-01,9.221407478601291174e-01,-2.718001796160218753e-01,0.000000000000000000e+00
6.988262249841543650e-01,3.962322875352392026e-01,2.064784313320064402e-01,3.771558396938030633e-01,-4.345155920292718132e-01,5.972956688449456708e-01,-7.942671096902281444e-03,9.997476346778957357e-01,9.050993701638867517e-01,-2.539713564265637102e-01,0.000000000000000000e+00
4.983829895468209203e-01,2.637900924022394955e-01,1.823558608896887201e-01,2.556455452802282036e-01,-4.891367203855042645e-01,3.915836794898573947e-01,-3.838347005913547022e-02,9.940952651383071492e-01,9.127683368014882781e-01,-2.691940916272763662e-01,0.000000000000000000e+00
4.057829481933771798e-01,2.104264841631545147e-01,2.042397598888606725e-01,2.005743687886755167e-01,-6.414476687541498245e-01,-7.475095554862919434e-01,-7.454949487676519604e-02,9.776050327921188554e-01,8.715513977818094560e-01,-2.872920203005363549e-01,0.000000000000000000e+00
8.626606989689014071e-01,5.420699359947520612e-01,3.195846986419236813e-01,4.923289400680634920e-01,-7.583675089845302031e-01,-9.659927960383332124e-01,-4.007060264452896176e-02,9.935636433181755933e-01,7.428191770690744100e-01,-2.700379825649137921e-01,0.000000000000000000e+00
9.681325468720654026e-01,6.991689977617092655e-01,3.181196647458532367e-01,6.110286161994681331e-01,-5.521482585233379314e-01,-4.604172294610245353e-01,1.781446778875374337e-02,9.987300418521087852e-01,7.629406923354363768e-01,-2.410925305350178627e-01,0.000000000000000000e+00
9.167409874062477648e-01,6.092046897988239174e-01,1.931477033227607942e-01,5.277784883548831685e-01,-1.239161737706576671e-01,5.815916737623112454e-01,7.891705354668213102e-02,9.748819217105686441e-01,9.438363461965827428e-01,-2.105209818137323829e-01,0.000000000000000000e+00
9.911937059202020617e-01,7.677281521543416476e-01,4.182256007633529116e-01,6.546411142356571844e-01,-9.086260451564106555e-01,-8.126423360323445921e-01,-3.179803941544032814e-02,9.959500877034700439e-01,5.380688049938934236e-01,-2.659003594883752042e-01,0.000000000000000000e+00
9.640511177668156240e-01,6.901267104421519027e-01,3.719428167676027130e-01,6.034946154727977019e-01,-8.054638591894376365e-01,9.313684172235342507e-01,-2.586020718813233574e-02,9.973226139575521731e-01,6.484899464204436637e-01,-2.629308242264970508e-01,0.000000000000000000e+00
9.737661267910799889e-01,9.522804248845869735e-01,5.104391810020879605e-01,7.814734125843545431e-01,-1.022602482936118884e+00,-7.352249199939511204e-01,-2.045518984214154609e-02,9.983254072275238311e-01,2.263294899238275926e-01,-2.602279515507423535e-01,0.000000000000000000e+00
9.605294591300901352e-01,6.827232230600742691e-01,3.073336213309231235e-01,5.993331536137255222e-01,-5.253624965147662973e-01,-9.886038310150347952e-01,1.989507491328302777e-02,9.984159084991679478e-01,7.826647557011223721e-01,-2.400521344158166870e-01,0.000000000000000000e+00
9.877767841034056362e-01,9.208201753291712643e-01,4.560295729584826763e-01,7.601627788494300653e-01,-8.420336856207253362e-01,9.999918769822780940e-01,3.603797859463114123e-03,9.999480496643743388e-01,4.032204910099864703e-01,-2.481980991201068742e-01,0.000000000000000000e+00
9.422020203007814843e-01,9.881877001937198202e-01,5.781740715337098102e-01,8.071536707376035791e-01,-1.222783077091548876e+00,1.179861643267851035e-01,-4.497005289698506603e-02,9.918889777980054445e-01,-2.650904939942012872e-02,-2.724888165146446828e-01,0.000000000000000000e+00
9.606030812312678080e-01,9.712282245444933126e-01,4.234555660317345649e-01,7.839389610604914349e-01,-5.913976360669593868e-01,-7.586380983129483724e-01,5.690177279459011223e-02,9.869928930283848878e-01,4.520445189086834681e-01,-2.215414345651846861e-01,0.000000000000000000e+00
9.717032973676149599e-01,9.557515281414515895e-01,5.148361263494756201e-01,7.839774309916136552e-01,-1.034419645041840807e+00,-8.759043693341407311e-01,-2.169326001463695031e-02,9.981164288985949762e-01,2.101856360216974862e-01,-2.608470553937780045e-01,0.000000000000000000e+00
9.990736382322601417e-01,8.179589169511715108e-01,4.310735760297798591e-01,6.897075587328898028e-01,-8.958454602515311116e-01,-8.780315189182086311e-01,-2.205945030281794908e-02,9.980522598501785358e-01,5.009077012713237798e-01,-2.610301724463133799e-01,0.000000000000000000e+00
9.449733115446571352e-01,6.533744840895256978e-01,2.793426955379334498e-01,5.768502427256201326e-01,-4.384015540771569741e-01,-4.635949485929352076e-01,3.022455164600437727e-02,9.963414562152389520e-01,8.303907385442302891e-01,-2.348865736202717658e-01,0.000000000000000000e+00
9.959791260795131107e-01,7.920072493358490950e-01,4.405014684569282801e-01,6.684784620863246651e-01,-9.738364348676780136e-01,-4.252594067854554849e-01,-3.924348554237231529e-02,9.938271513611395269e-01,4.789071738132315570e-01,-2.696242613663690224e-01,0.000000000000000000e+00
8.585355223121772239e-01,5.375521320364093913e-01,3.259067338124038149e-01,4.872274999673079088e-01,-7.912380036267359085e-01,-9.312276746130423444e-01,-4.643762386903865086e-02,9.913494017327371122e-01,7.290811291916794445e-01,-2.732229853573820422e-01,0.000000000000000000e+00
9.997150503724394621e-01,8.542792468124548177e-01,4.329942275039289079e-01,7.151621084652906024e-01,-8.502793499750327388e-01,9.402032627758375935e-03,-8.828231351145429326e-03,9.996882169293558329e-01,4.893262577108284939e-01,-2.544141443446199524e-01,0.000000000000000000e+00
7.898333061106984632e-01,4.702461488579323112e-01,9.565206120148933566e-02,4.129148746930175196e-01,1.192269832981197597e-01,9.741400130667923207e-01,1.019979545078884553e-01,9.578103848147548893e-01,9.971268439086898860e-01,-1.989567623589346690e-01,0.000000000000000000e+00
6.392589846651866026e-01,3.535552987540582781e-01,1.576903680905737959e-01,3.395099482044267036e-01,-2.683149229617922682e-01,-3.761383579481269446e-01,1.308881768857747367e-02,9.993145748822225283e-01,9.526375651823991708e-01,-2.434554977233221174e-01,0.000000000000000000e+00
7.401072188263978502e-01,4.282166990574013399e-01,2.381750001442372311e-01,4.036871031134194321e-01,-5.369288658403560399e-01,5.653585118106130292e-01,-2.010102492120369178e-02,9.983829245770894367e-01,8.663416625366376911e-01,-2.600508508844133759e-01,0.000000000000000000e+00
8.363211436997803894e-01,5.142864578514313445e-01,1.578597755411350056e-01,4.609732276497028880e-01,-8.081951680818938444e-02,9.905974371522757727e-01,7.122298254900448489e-02,9.795721133632538935e-01,9.680804795567495846e-01,-2.143734471782108020e-01,0.000000000000000000e+00
1.388949892609581682e-01,6.972907758470629769e-02,4.250544058948502180e-02,6.960262847669443365e-02,-1.041132868560886160e-01,2.013535436619412200e-01,-5.741224780835472302e-03,9.998681475576017830e-01,9.957016517445624881e-01,-2.528706202754566479e-01,0.000000000000000000e+00
2.490358045279131849e-01,1.261736120985202103e-01,3.418699277104713524e-02,1.251590121364342667e-01,3.472496484777320980e-03,9.366886595123635750e-01,2.161298766176907027e-02,9.981303514583985681e-01,9.991999077510398397e-01,-2.391930854875685686e-01,0.000000000000000000e+00
1.536627396190472505e-01,7.721341501872627799e-02,1.203157078105564215e-02,7.687727112227323023e-02,4.208104787049840589e-02,2.688678094932784868e-01,1.991704408619874786e-02,9.984124062456333215e-01,9.999970718106064860e-01,-2.400411487411229505e-01,0.000000000000000000e+00
-3.853811839722304667e-03,-1.926911882015372966e-03,7.753672314415814559e-02,-1.887157059492327498e-03,-3.440227966445688623e-01,-5.800406817213427102e-01,-5.887513409029376810e-02,9.860708573987148062e-01,9.725915663532221922e-01,-2.794460732346042420e-01,0.000000000000000000e+00
-2.995905911489703533e-01,-1.527164356345751539e-01,-2.835735118449980025e-02,-1.503777847787436672e-01,-6.155767536893183567e-02,-9.771248607514499973e-01,-3.589167883781212848e-02,9.948383020618347672e-01,9.999548510835740700e-01,-2.679477661718325798e-01,0.000000000000000000e+00
-3.139314094817747258e-01,-1.603411301347465179e-01,-8.038622505821413355e-02,-1.589878692939452609e-01,1.613910211579106524e-01,-9.476317680446301184e-01,2.875907144608360905e-04,9.999996691662873527e-01,9.868765571144959559e-01,-2.498562046417784899e-01,0.000000000000000000e+00
-3.529830354006435744e-01,-1.813517563633216256e-01,-2.790312637342196034e-02,-1.770467350889902147e-01,-9.731451847425509616e-02,-9.459867698651468482e-01,-4.689868025024326870e-02,9.911762697276340628e-01,9.999832612233970908e-01,-2.734536391123654764e-01,0.000000000000000000e+00
-2.674162579711750545e-02,-1.337280555651796862e-02,-4.477038054755236307e-02,-1.330667578862840088e-02,1.839130740300053135e-01,-7.900956909049181576e-01,2.856305804883584390e-02,9.967330577336754871e-01,9.918510754165114074e-01,-2.357174999329460507e-01,0.000000000000000000e+00
-5.649931349734984565e-01,-3.046482116492135184e-01,-1.561664016019177759e-01,-2.956989935390337831e-01,3.223620037476066513e-01,-6.453293417866486914e-01,3.691891435059230925e-03,9.999454787597114036e-01,9.478622528676340364e-01,-2.481540521857712456e-01,0.000000000000000000e+00
-3.060703165901177414e-01,-1.561559007632488949e-01,-2.080098741688098385e-01,-1.462520673779973968e-01,7.080573893223560678e-01,-8.782068205022458551e-01,9.756533039028109089e-02,9.614422470764428796e-01,8.514309068546538350e-01,-2.011786011103307570e-01,0.000000000000000000e+00
-6.115731555383723261e-01,-3.348390324376597782e-01,-2.212054519304434141e-01,-3.198104492923734554e-01,5.748475581921641542e-01,-5.204682376277338651e-01,4.139492222925825193e-02,9.931301892420900668e-01,8.740140103226746726e-01,-2.292995828856011498e-01,0.000000000000000000e+00
-3.230405829321951194e-01,-1.652085958450222047e-01,-2.937231796494911562e-02,-1.621804477469994676e-01,-7.198801989058123407e-02,-9.640993187320885394e-01,-3.978652711427688171e-02,9.936547706753151576e-01,9.999789617544182496e-01,-2.698958881721448821e-01,0.000000000000000000e+00
-7.764250529607878704e-02,-3.887014204217210250e-02,-6.455659703754927647e-02,-3.858431176934872670e-02,2.405256708674652355e-01,-9.164623622359650001e-01,3.384297728048188403e-02,9.954116173706333282e-01,9.848205949557800043e-01,-2.330768960932437794e-01,0.000000000000000000e+00
-3.710232014442677584e-01,-1.911927766118039496e-01,1.821553380262257160e-02,-1.808331947663592287e-01,-2.988951759456418555e-01,-9.561340367452666467e-01,-8.514770145095679199e-02,9.707197594659245921e-01,9.885390623810970112e-01,-2.925995915545437365e-01,0.000000000000000000e+00
-1.625584800691729781e-01,-8.173213858352371131e-02,-1.106742830694286001e-01,-8.021729720422626775e-02,3.907340936969422862e-01,-9.993000779900416131e-01,5.237311975957827104e-02,9.889881297621732070e-01,9.576454574773846096e-01,-2.238074527896853627e-01,0.000000000000000000e+00
-3.478064025039638851e-01,-1.785443518787330486e-01,-7.146545096001974406e-02,-1.764986620774598725e-01,9.860402526634799714e-02,-9.268644295244801157e-01,-1.318227023306926815e-02,9.993047499639299280e-01,9.919760038512295264e-01,-2.565912305645573488e-01,0.000000000000000000e+00
-1.628845643565428880e-01,-8.189793398158858040e-02,-8.568682732041678352e-02,-8.116446665893550794e-02,2.818702954186940168e-01,-9.972744034299371174e-01,3.357045767206081471e-02,9.954853258427768248e-01,9.766609157988209722e-01,-2.332131946076441420e-01,0.000000000000000000e+00
-2.258667705390451919e-01,-1.141622416429537018e-01,2.888930085035929657e-02,-1.108660423997219757e-01,-2.631170182221329590e-01,-9.983122433008811969e-01,-6.443186485942917208e-02,9.833023317766450555e-01,9.895417228647312990e-01,-2.822270823354708913e-01,0.000000000000000000e+00
-3.183669376954892383e-01,-1.627088211919995864e-01,9.264851808235288755e-03,-1.568899670110477373e-01,-2.338513914847109021e-01,-9.799701605546586869e-01,-6.783303572847079743e-02,9.814819511547033803e-01,9.940028064353571002e-01,-2.839295289158158542e-01,0.000000000000000000e+00
-3.493944855746255462e-01,-1.794048461485789892e-01,-2.705680060010753341e-01,-1.586952508683801000e-01,9.061513125851552442e-01,-7.732973284893256416e-01,1.358244210055638834e-01,9.244044085524324439e-01,7.401858491662540729e-01,-1.819831912754388825e-01,0.000000000000000000e+00
2.591285606469080349e-01,1.314341105975608548e-01,1.506889385997238484e-02,1.295615478506442209e-01,9.448040601572949004e-02,9.637424173464914645e-01,3.791626911965903513e-02,9.942384074659599280e-01,9.997971776176431957e-01,-2.310395938604111743e-01,0.000000000000000000e+00
4.399574148041956456e-01,2.297280578784618443e-01,1.149306683227423465e-01,2.258109341178404506e-01,-2.302411547738884012e-01,-9.999155086741111642e-01,-4.109219151290768109e-04,9.999993245725665725e-01,9.728759425973680930e-01,-2.502054609604556501e-01,0.000000000000000000e+00
-1.818190714043534106e-01,-9.154519221937326701e-02,-3.622825954041437868e-02,-9.126286292997728977e-02,4.862434349866449901e-02,-9.960806404738959952e-01,-7.134458240139425478e-03,9.997963842047449257e-01,9.980077252294310419e-01,-2.535672442512905689e-01,0.000000000000000000e+00
4.857067437684070010e-01,2.562735070637606194e-01,8.012502249218597661e-02,2.489837430988264821e-01,-4.211187363249688231e-02,-2.158136431056067450e-01,3.551378304733886215e-02,9.949466040614509676e-01,9.931784153719784847e-01,-2.322412419490229585e-01,0.000000000000000000e+00
8.055070428712635122e-01,4.844947601248230651e-01,1.956475339512799283e-01,4.485476239448479840e-01,-2.765919591131178468e-01,-1.453076423536488748e-01,3.214447070585728372e-02,9.958612395318294785e-01,9.297620961441955822e-01,-2.339263805948651742e-01,0.000000000000000000e+00
3.885149130579551580e-01,2.008246136714538777e-01,1.389573475131738456e-01,1.971801343386628547e-01,-3.735354416584553139e-01,-3.633971750000131173e-01,-2.915272568518963159e-02,9.965966229710500057e-01,9.495674365792925453e-01,-2.645773952786627525e-01,0.000000000000000000e+00
7.602988145708863277e-01,4.447600185200710765e-01,1.512673322953117516e-01,4.120736232913562169e-01,-1.302263629162508929e-01,-7.113190789003642767e-01,5.107223867083309637e-02,9.895302464581595681e-01,9.674348991106178630e-01,-2.244583285715046617e-01,0.000000000000000000e+00
7.842168464691795515e-01,4.652694888614196111e-01,1.169015101921426214e-01,4.173577533378013960e-01,3.359763629578987887e-02,5.622857959989084886e-01,8.426317245726407112e-02,9.713305837613823712e-01,9.896988116375392552e-01,-2.078434672123631866e-01,0.000000000000000000e+00
9.405989251259083694e-01,6.458920290465260949e-01,3.713832777046705003e-01,5.687464795241471416e-01,-8.587172106604017419e-01,9.913166230758542197e-01,-4.151500644698512266e-02,9.930901821727784462e-01,6.458701381259924768e-01,-2.707604850264727636e-01,0.000000000000000000e+00
9.999161839683791131e-01,8.344509548704970303e-01,4.538510454681815576e-01,6.980544993729707048e-01,-9.730939826979234653e-01,4.756295630516085837e-01,-3.256846184281452644e-02,9.957511824043774329e-01,4.378467058411607549e-01,-2.662856704707998734e-01,0.000000000000000000e+00
8.899831002109548361e-01,5.738955472273472580e-01,4.025679228785425390e-01,4.961990439530226116e-01,-1.067205303222156898e+00,2.678188562444563936e-01,-9.085928768512246956e-02,9.666158269691906835e-01,5.580635596859975234e-01,-2.954609230270048847e-01,0.000000000000000000e+00
8.061049627144351026e-01,4.850494205910035883e-01,3.321228217871409760e-01,4.386534320303462908e-01,-8.765957798895140929e-01,-9.618932997343241365e-01,-7.001189612786595795e-02,9.802653823449020143e-01,7.050433884664624173e-01,-2.850202540305636911e-01,0.000000000000000000e+00
9.978105837431731073e-01,8.764677072606962271e-01,4.129669926544580205e-01,7.290531099509383051e-01,-7.251740257105271370e-01,-1.022018162842007888e-01,1.557541960628116944e-02,9.990293113610222431e-01,5.351136799862408200e-01,-2.422121327555979975e-01,0.000000000000000000e+00
9.798364951109790333e-01,9.406332071077730950e-01,4.173528116927368581e-01,7.660510456792031242e-01,-6.319183339964172808e-01,-1.035095870800326334e-01,4.281214009698314227e-02,9.926505746911138406e-01,4.951205552293964085e-01,-2.285906597901646853e-01,0.000000000000000000e+00
9.997430243624046975e-01,8.536388169178675822e-01,4.552135487450413298e-01,7.122343562475990097e-01,-9.506676593681711029e-01,-1.279038448361967117e-01,-2.575808503789813950e-02,9.973437368856238328e-01,4.302239432942586150e-01,-2.628797546473257141e-01,0.000000000000000000e+00
9.096785976724417466e-01,5.993911373317709623e-01,3.303905199409100657e-01,5.382300347923034689e-01,-7.358040148713383966e-01,7.963395071872915176e-01,-2.755016952952191872e-02,9.969608807396072025e-01,7.296047021139686617e-01,-2.637759561186018842e-01,0.000000000000000000e+00
9.698972228080783298e-01,9.586186100772297047e-01,5.247963485209377055e-01,7.849658871579905384e-01,-1.072151241656882359e+00,-9.504579994356054939e-01,-2.741666865084828666e-02,9.969902923293085806e-01,1.779569905171036470e-01,-2.637091930728620026e-01,0.000000000000000000e+00
9.792361245701457495e-01,7.271647211052543192e-01,3.325231529098821581e-01,6.302431871762149695e-01,-5.796212089182015692e-01,-2.707069405844061971e-01,1.731580568950344748e-02,9.988001720529272598e-01,7.351613457928205531e-01,-2.413418808187023645e-01,0.000000000000000000e+00
9.384771591133482804e-01,6.423614475300094551e-01,3.416021451677939136e-01,5.706919555329710292e-01,-7.315270945912479839e-01,-6.120858690253800916e-01,-2.045634843530282770e-02,9.983252174166842297e-01,7.113026280812407842e-01,-2.602285309079272468e-01,0.000000000000000000e+00
9.998593576273497874e-01,8.504888477119411094e-01,3.464014290672633445e-01,7.003694806552416274e-01,-4.722977560644377459e-01,-4.699436341820460994e-01,5.454977865577750884e-02,9.880501015876481663e-01,6.982509925253430616e-01,-2.227183452174466005e-01,0.000000000000000000e+00
9.529060038343176720e-01,6.677394022494763659e-01,2.161437367844948332e-01,5.663128083837682958e-01,-1.545402153022669145e-01,-9.715641399073640105e-01,8.283490923275059481e-02,9.723029357056535149e-01,9.223166558030146955e-01,-2.085588465451151119e-01,0.000000000000000000e+00
9.312939128355539609e-01,6.308376864488873803e-01,2.333642425609371851e-01,5.530555091717413996e-01,-2.661038205803273327e-01,-9.024266210447094982e-01,5.655770131391703315e-02,9.871503839415630699e-01,8.980712290584188517e-01,-2.217136087942902234e-01,0.000000000000000000e+00
8.360506234327411690e-01,5.140132423315791899e-01,2.999249719386662960e-01,4.714850723466463278e-01,-7.059715945861704256e-01,7.047348834307640697e-01,-3.542430736459733359e-02,9.949720781285019688e-01,7.764448730017976530e-01,-2.677140061360022694e-01,0.000000000000000000e+00
7.497434382406292785e-01,4.360303126181168110e-01,1.530022524771048609e-01,4.059274162349778559e-01,-1.478079280219948277e-01,-9.999611566504125193e-01,4.661005859073538704e-02,9.912848530336217934e-01,9.653015457450925263e-01,-2.266907506112054438e-01,0.000000000000000000e+00
6.791479478810317216e-01,3.817280139737314615e-01,1.446272037704177948e-01,3.622899418975535912e-01,-1.756156843340129503e-01,2.232033390062128364e-01,3.316594235841023586e-02,9.955936299114449550e-01,9.666961197503356473e-01,-2.334155085758873038e-01,0.000000000000000000e+00
6.603886093901929488e-01,3.682869355744340933e-01,1.507879576614633566e-01,3.517171392885882764e-01,-2.192733929489653621e-01,-5.404928754715952050e-02,2.364501839880613770e-02,9.977619855876692645e-01,9.603573288074978009e-01,-2.381769399523030184e-01,0.000000000000000000e+00
8.224987472787097520e-01,5.006039824609473943e-01,2.634239725320828285e-01,4.638833144214971616e-01,-5.600942396749052365e-01,-2.273922633744257515e-02,-1.287931805096173034e-02,9.993363459253553627e-01,8.387433508663768578e-01,-2.564397480428114440e-01,0.000000000000000000e+00
6.051121148717868437e-01,3.305589920712101448e-01,1.137467179696482200e-01,3.165608407373742272e-01,-1.010796810320198635e-01,9.968007344978722928e-02,3.763120163712174032e-02,9.943248795604565649e-01,9.827358798059595557e-01,-2.311821784577633987e-01,0.000000000000000000e+00
-2.064075069282349517e-01,-1.041378880421339054e-01,1.144974036536030443e-02,-1.023604504339651333e-01,-1.778056157936032666e-01,-9.962290877935625621e-01,-4.760406543721214245e-02,9.909080402462228099e-01,9.962467945016173498e-01,-2.738065286462969539e-01,0.000000000000000000e+00
1.694539542250287148e-02,8.473204632300673431e-03,4.985976826848407054e-03,8.472985802850878378e-03,-1.184539620960302179e-02,-5.830408747444161266e-01,-5.620498922762351152e-04,9.999987363991421629e-01,9.999425251993143693e-01,-2.502810249535361020e-01,0.000000000000000000e+00
2.933494243243141009e-01,1.494121650011642211e-01,2.952631620295070869e-02,1.473021487170643740e-01,5.244668990264991781e-02,9.833517506592017732e-01,3.378268162478974268e-02,9.954279772076355393e-01,9.998928809173797116e-01,-2.331070525397933302e-01,0.000000000000000000e+00
1.623268085101745584e-01,8.161435354840131107e-02,5.068146203078056911e-02,8.140695057173098770e-02,-1.260450228018520913e-01,3.898824667575953584e-01,-7.422600447001758209e-03,9.997796038215416292e-01,9.938016773840266938e-01,-2.537113172631010882e-01,0.000000000000000000e+00
-2.579712838140532094e-01,-1.308300067353329599e-01,-6.066768285822605328e-02,-1.300816359890986096e-01,1.095129209308388363e-01,-9.869963097481536662e-01,-3.491587221543886524e-03,9.999512344820339349e-01,9.931353111525828004e-01,-2.517457953843812990e-01,0.000000000000000000e+00
-3.832059448870717699e-01,-1.978914764059380715e-01,-7.679568104700421061e-02,-1.950534266941422734e-01,9.851719495780841829e-02,-8.944941873921581355e-01,-1.637887760473764887e-02,9.989265456744653715e-01,9.910798018407432908e-01,-2.581896218873930282e-01,0.000000000000000000e+00
-6.336509651139258237e-01,-3.497126868099122432e-01,-1.263927358731048445e-01,-3.339499882192065172e-01,1.337482942625123350e-01,-6.169870483077349865e-01,-3.515739726059710635e-02,9.950476841542785778e-01,9.766761933915647509e-01,-2.675805095224699781e-01,0.000000000000000000e+00
-4.850711404510082425e-01,-2.558985695803858706e-01,-1.419866845394101296e-01,-2.503422323897745438e-01,3.192999911174437266e-01,-7.410853237708194818e-01,1.102098538581151171e-02,9.995140728441442857e-01,9.544849524941761976e-01,-2.444894515300735649e-01,0.000000000000000000e+00
-4.816699633504932243e-01,-2.538953425560195876e-01,-1.424699026271495361e-01,-2.484244245019805453e-01,3.239570555210600222e-01,-7.440971125763974348e-01,1.212358972143290359e-02,9.994119590747150284e-01,9.537840758037313682e-01,-2.439381308905869683e-01,0.000000000000000000e+00
-4.013312773838945691e-01,-2.079419216757538713e-01,-5.016032619763199918e-02,-2.030513072929777951e-01,-3.172992752086209456e-02,-8.971071779053076956e-01,-4.008789580002177638e-02,9.935580748090850900e-01,9.988107667297519976e-01,-2.700466326159394748e-01,0.000000000000000000e+00
-5.495069675795233310e-01,-2.949269202262823075e-01,-1.828630980140185658e-01,-2.855228374964441929e-01,4.538901671273770644e-01,-6.300088983452148961e-01,2.728896073937289724e-02,9.970182934341171865e-01,9.176607357384276575e-01,-2.363546728278936859e-01,0.000000000000000000e+00
-3.481949063256715160e-01,-1.787547989244099023e-01,-1.225291773396691847e-01,-1.762224138151294861e-01,3.274812713548641563e-01,-8.950618249314163943e-01,2.503720654063772491e-02,9.974904577463256095e-01,9.610683329848640488e-01,-2.374807427359289236e-01,0.000000000000000000e+00
-3.861638381401958919e-01,-1.995246057926719219e-01,-1.145092950993263914e-01,-1.967879847846109864e-01,2.659802612812985911e-01,-8.649611121609522835e-01,1.129959814422114295e-02,9.994891893838613317e-01,9.698750818671616480e-01,-2.443501408128274377e-01,0.000000000000000000e+00
-2.482183866711474562e-01,-1.257483371923915072e-01,-2.620602649433573239e-02,-1.245276354875146790e-01,-3.847600840644060938e-02,-9.964281410767571456e-01,-2.743985182819363641e-02,9.969851951333559281e-01,9.998685820937347479e-01,-2.637207868419236267e-01,0.000000000000000000e+00
-4.403386224987477227e-01,-2.299457574143597971e-01,-1.631874259553084960e-01,-2.242146312121783835e-01,4.453753133222465577e-01,-7.674231406878494477e-01,3.652284592030390770e-02,9.946548405723327768e-01,9.292666286186804792e-01,-2.317365468318846322e-01,0.000000000000000000e+00
-6.084830433480383632e-02,-3.044765946975937568e-02,1.120282298376256702e-01,-2.880976687548455692e-02,-5.114005643030089532e-01,-7.348796173795453246e-01,-9.543816332760096666e-02,9.631250429567133065e-01,9.372966540690021997e-01,-2.977553352302021450e-01,0.000000000000000000e+00
4.930495650170386990e-02,2.466497734841827799e-02,-1.160098172290928292e-01,2.331840967250993144e-02,5.213000646935952442e-01,-5.868398901962722514e-01,9.625626077130039482e-02,9.624824480287902384e-01,9.340574844653523057e-01,-2.018346751511589376e-01,0.000000000000000000e+00
-8.552200933470265054e-02,-4.282637844774678931e-02,-1.015371728075581820e-01,-4.188057888044698085e-02,3.956234003954828271e-01,-9.476651957106725366e-01,6.009543825547691148e-02,9.854846645435065833e-01,9.598342518635413212e-01,-2.199432345896525365e-01,0.000000000000000000e+00
-2.190254477255259291e-01,-1.106316655053056763e-01,-1.215985954204206604e-02,-1.094944920499165558e-01,-8.232932322078841125e-02,-9.998790936094623660e-01,-3.232513113518659803e-02,9.958145220710324930e-01,9.998266085735396658e-01,-2.661639730890590916e-01,0.000000000000000000e+00
-1.128735457149769583e-01,-5.658744070582430452e-02,-4.986431408080391897e-02,-5.643838084304804437e-02,1.535063339216629075e-01,-9.556404442128491050e-01,1.618359150696290633e-02,9.989519996433956495e-01,9.926431335542141854e-01,-2.419080276326284751e-01,0.000000000000000000e+00
-7.484207979623358660e-03,-3.742147659221019274e-03,2.983295868608039358e-02,-3.729452251973881284e-03,-1.384425073215046764e-01,-6.503554653189681511e-01,-2.377802274917014541e-02,9.977367178858166374e-01,9.958221200503299952e-01,-2.618895715712621919e-01,0.000000000000000000e+00
3.107763005794644262e-01,1.586596802595397482e-01,-1.481558073835671785e-02,1.527116339639685016e-01,2.524223459208354559e-01,9.357914684496614344e-01,7.048707765243573953e-02,9.799948257898684068e-01,9.922601194853195583e-01,-2.147418618377298083e-01,0.000000000000000000e+00
4.517565142846934889e-01,2.364922663736080399e-01,5.391982062433485490e-02,2.290534105917590435e-01,4.881773711356540701e-02,-9.744745652933946012e-01,4.785212619564622322e-02,9.908127497001688599e-01,9.989069938001299276e-01,-2.260693703130950138e-01,0.000000000000000000e+00
-1.468022964100629546e-01,-7.373395775418359332e-02,5.116479763441252743e-02,-7.169594341675199212e-02,-3.121265311061014458e-01,-9.454281857954933699e-01,-6.601136649046752958e-02,9.824688583308925915e-01,9.816647173478632027e-01,-2.830176736602048049e-01,0.000000000000000000e+00
4.806934975989799463e-01,2.533211823838954491e-01,1.665618011369512930e-02,2.382446350777187305e-01,2.217965853877048032e-01,-4.683464696804287009e-01,8.202452195492943021e-02,9.728469872122892381e-01,9.971917018471224692e-01,-2.089647292578565296e-01,0.000000000000000000e+00
7.575602077040249904e-01,4.424772827248223961e-01,2.583000625272297013e-01,4.144245571193310718e-01,-6.089822308091596970e-01,5.484510022116863004e-01,-3.002862760652040552e-02,9.963887906458481769e-01,8.372190290234107213e-01,-2.650154421286834983e-01,0.000000000000000000e+00
6.861728438072007830e-01,3.868561349713664499e-01,2.257695446997850242e-01,3.676874776421452662e-01,-5.324269875547765762e-01,-9.275612327283688785e-01,-2.582312841423278424e-02,9.973302930231150443e-01,8.772926939954418524e-01,-2.629122817440895932e-01,0.000000000000000000e+00
5.632039007228886174e-01,3.035175272030892213e-01,1.896099625016173518e-01,2.931844428109848244e-01,-4.733757051546838013e-01,-3.708110171129044841e-01,-2.919011791768269526e-02,9.965878768990799053e-01,9.109251140103518107e-01,-2.645960953729411536e-01,0.000000000000000000e+00
9.016233535600918225e-01,5.886564337549013981e-01,2.419980034524657764e-01,5.287943194314821405e-01,-3.540007971444360524e-01,-3.333752506205823196e-01,3.487959625356588933e-02,9.951257639167980784e-01,8.824972175744397740e-01,-2.325584335732262253e-01,0.000000000000000000e+00
8.056458695928370162e-01,4.846234669785137172e-01,2.282806994840287929e-01,4.512823050696707639e-01,-4.221028220752002236e-01,-4.008413211632616546e-01,7.716029475476050142e-03,9.997618326519412957e-01,8.892624949521081845e-01,-2.461419661208937570e-01,0.000000000000000000e+00
9.074157569377845345e-01,5.963287322603202378e-01,3.333063733639936022e-01,5.353421808312734953e-01,-7.525310936741129719e-01,-9.880614774582874293e-01,-3.083977763453789323e-02,9.961908093059591573e-01,7.231558826719296507e-01,-2.654211110777768279e-01,0.000000000000000000e+00
9.580859012175869660e-01,6.777760844234672621e-01,3.466401864714794834e-01,5.968288857676650183e-01,-7.083924301259781897e-01,-8.118350638274629549e-02,-1.138723010875358765e-02,9.994812342899663804e-01,7.036388802129451836e-01,-2.556936765789599719e-01,0.000000000000000000e+00
9.993696195316469355e-01,8.221097169644742131e-01,3.668696157203620301e-01,6.912420366168000596e-01,-6.019943355635473115e-01,4.505595090015521165e-02,2.773606135535149064e-02,9.969196879628565711e-01,6.569361100186197344e-01,-2.361310802101897754e-01,0.000000000000000000e+00
9.999260543497343612e-01,8.348786136203141250e-01,4.833017356888856808e-01,6.903629414037896206e-01,-1.100431340667585633e+00,4.372687840113709257e-01,-5.448421296706684736e-02,9.880789234875918536e-01,3.560902501249078589e-01,-2.772488475676279096e-01,0.000000000000000000e+00
9.785214679279616856e-01,9.433612043626086185e-01,5.326785458544835983e-01,7.683168613075133102e-01,-1.139676397887508408e+00,-1.368952348457682933e-01,-4.219280555973892177e-02,9.928621744094903168e-01,1.682001814216086411e-01,-2.710995330462189212e-01,0.000000000000000000e+00
9.681525678669614665e-01,6.992147138526650929e-01,3.610718062269654971e-01,6.114655300649876057e-01,-7.450619255337724844e-01,-5.065490266414133247e-01,-1.438289423842251114e-02,9.991723011900938145e-01,6.735124498259412729e-01,-2.571915710949210787e-01,0.000000000000000000e+00
9.986868088334932558e-01,8.134248918878967949e-01,4.860328968244581604e-01,6.714328990706249778e-01,-1.140318110152082953e+00,-7.217352548429749604e-01,-6.506459847023114695e-02,9.829709274475830760e-01,3.513781734757993047e-01,-2.825437809541302414e-01,0.000000000000000000e+00
9.981845753383149500e-01,8.734081645292622875e-01,4.262901815631395253e-01,7.280102136534054580e-01,-7.899423605685982341e-01,3.114705741802999417e-01,4.265236768180392067e-03,9.999272292561459663e-01,5.018188210287676254e-01,-2.478673783828109767e-01,0.000000000000000000e+00
9.967668604733348481e-01,8.837670032789013419e-01,3.598853019333579928e-01,7.199603740528902618e-01,-4.814059471677342716e-01,-8.851726597204473412e-01,5.856614347609390148e-02,9.862173430728508050e-01,6.611014111023305606e-01,-2.207085553287131130e-01,0.000000000000000000e+00
9.985724277816574457e-01,8.122147967433879234e-01,4.689594675948777214e-01,6.765578928253372926e-01,-1.069833025131333049e+00,-4.831359315501891349e-01,-5.273465472604701998e-02,9.888350110416935790e-01,3.996484397418015866e-01,-2.763734395674481981e-01,0.000000000000000000e+00
8.894160604201756248e-01,5.731970247484465819e-01,1.956840546690626070e-01,5.083062655069442437e-01,-1.731098921406981628e-01,-1.462461483137838247e-01,6.405231284644866130e-02,9.834995403318762541e-01,9.384151055478444636e-01,-2.179628896099279900e-01,0.000000000000000000e+00
7.100247352379996935e-01,4.046883216481438339e-01,2.096750961701665805e-01,3.844710061759051278e-01,-4.383480104262458266e-01,-2.047365201118777345e-01,-7.265858425737369009e-03,9.997888143411898243e-01,9.023076367788971375e-01,-2.536329451956311765e-01,0.000000000000000000e+00
8.976586231427244877e-01,5.835349551102417820e-01,2.234454068544652339e-01,5.218649555052390365e-01,-2.792195318050740283e-01,4.184113644713667313e-01,4.695089484893569948e-02,9.911565534684134704e-01,9.069891316673686088e-01,-2.265202392113624397e-01,0.000000000000000000e+00
9.828019211388495657e-01,7.376645451849399571e-01,3.594479783153223806e-01,6.384853141048981717e-01,-6.864331254781756986e-01,7.414552530573038647e-01,1.016775581144253307e-03,9.999958646639699467e-01,6.781619695213852994e-01,-2.494916121656288732e-01,0.000000000000000000e+00
6.120377525963477394e-01,3.351480266737411617e-01,1.877257050705292696e-01,3.228900035513218025e-01,-4.261968695969493570e-01,7.247989632253653003e-01,-1.617194645988440441e-02,9.989535078221913889e-01,9.185211326288003075e-01,-2.580861494628476360e-01,0.000000000000000000e+00
5.879083585472543172e-01,3.193124051212284376e-01,1.438141918464492242e-01,3.088667745993106672e-01,-2.485410866655759221e-01,-9.320297735375107084e-01,1.095693532473876811e-02,9.995197054059367092e-01,9.607317050533045188e-01,-2.445214775274457686e-01,0.000000000000000000e+00
7.133315904132312424e-01,4.072151462210257811e-01,2.320135843570899081e-01,3.855274256031095970e-01,-5.352864713370981686e-01,-8.994152697096216009e-01,-2.310159938739637930e-02,9.978637456096083325e-01,8.718276041805264054e-01,-2.615513134274288776e-01,0.000000000000000000e+00
6.879049298673141077e-01,3.881288651605200868e-01,2.592801295455581800e-01,3.646391815395420011e-01,-6.776423189953002524e-01,-9.999964850125376836e-01,-5.049269635732225869e-02,9.897673085705799290e-01,8.246231768790232008e-01,-2.752517133696413820e-01,0.000000000000000000e+00
4.444116757104602522e-01,2.322752580210287188e-01,3.459956143071359069e-02,2.232139220057725859e-01,1.263965860750773662e-01,-9.999383109746491360e-01,6.078088046958666363e-02,9.851500265033182879e-01,9.999508771057827872e-01,-2.196002003181578288e-01,0.000000000000000000e+00
-2.225796170821322251e-01,-1.124649756373636844e-01,-9.126615163162546396e-02,-1.115296638037580612e-01,2.694894973468465738e-01,-9.936191949399681977e-01,2.631919543329402575e-02,9.972266411753983872e-01,9.763151830423407729e-01,-2.368396425928980809e-01,0.000000000000000000e+00
4.875945600116678852e-02,2.439181651526334260e-02,-1.142580135698361560e-01,2.309820539549902255e-02,5.144341163964053498e-01,-5.872413841706172200e-01,9.483998810803269397e-02,9.635912605667076303e-01,9.360440773024680805e-01,-2.025444301978032713e-01,0.000000000000000000e+00
9.049254888424634879e-02,4.532375295456605307e-02,5.492422380884634525e-02,4.513382606901723826e-02,-1.899965932628665533e-01,-1.189477798729366848e-01,-2.419966468233489265e-02,9.976556761118323680e-01,9.899046780608034002e-01,-2.621004228715370643e-01,0.000000000000000000e+00
-4.883644533552647937e-01,-2.578432638278003730e-01,-1.242244381378840856e-01,-2.523353960782429017e-01,2.369935640013982880e-01,-7.554299447364657416e-01,-3.019114117636436875e-03,9.999635393566644881e-01,9.692300975063796731e-01,-2.515095582054599488e-01,0.000000000000000000e+00
-4.912961914023826759e-01,-2.595786383052455237e-01,-1.029515377154806843e-01,-2.533900588148518263e-01,1.393716242030449415e-01,-7.731433581159981028e-01,-1.961475282083209939e-02,9.984602565088459558e-01,9.831038618876341006e-01,-2.598076908621447245e-01,0.000000000000000000e+00
5.369866530806369220e-02,2.686548317369779823e-02,7.013267950133392215e-02,2.656881484822250922e-02,-2.792560536142265626e-01,-3.170236013344626680e-01,-4.252555898837021703e-02,9.927488739626907366e-01,9.805832764837502102e-01,-2.712659844156916078e-01,0.000000000000000000e+00
-3.633972985997753757e-01,-1.870216810589093726e-01,-1.019138623277981437e-01,-1.848392256787215193e-01,2.249476855225299721e-01,-8.950200320367105444e-01,6.500269344462229065e-03,9.998309764719937043e-01,9.771612125998284659e-01,-2.467498538835896649e-01,0.000000000000000000e+00
-6.192633774121723000e-01,-3.399753002374846234e-01,-2.101092627495873555e-01,-3.258232352278903621e-01,5.199646578441684541e-01,-5.271894234707702465e-01,3.119219880796007122e-02,9.961031395347375028e-01,8.907418591715878797e-01,-2.344026359499873924e-01,0.000000000000000000e+00
-5.866424530598435272e-01,-3.184931398223871390e-01,-1.869978100287214007e-01,-3.074728011921212256e-01,4.434724478799575431e-01,-5.876848000076514422e-01,2.173137545700922282e-02,9.981097999804470211e-01,9.166739255108178330e-01,-2.391338846387884853e-01,0.000000000000000000e+00
-1.574498120602050855e-01,-7.913612311066611782e-02,-3.626715606150427568e-02,-7.896867634510043588e-02,6.429272142671613177e-02,-9.863242716901159390e-01,-2.460279114278382875e-03,9.999757879113144732e-01,9.975943284020936108e-01,-2.512301401776397269e-01,0.000000000000000000e+00
-5.780236367092158600e-01,-3.129442813155813852e-01,-1.328674617090130905e-01,-3.027834192971346483e-01,2.073455556752884510e-01,-6.593726937811614786e-01,-1.682971489505636839e-02,9.988666149546989725e-01,9.686776583027791876e-01,-2.584150560713508460e-01,0.000000000000000000e+00
-2.560407971228246815e-01,-1.298228161662965119e-01,-3.848660768935962401e-02,-1.287988734245286981e-01,1.123175060728495711e-02,-9.924169748793640888e-01,-1.975126014877778141e-02,9.984387393081347595e-01,9.986924245121373556e-01,-2.598759511372922826e-01,0.000000000000000000e+00
-3.976558978449621362e-01,-2.058955049012289318e-01,-1.222285645977361501e-01,-2.027943717772351939e-01,2.927034768778707385e-01,-8.478268894349161311e-01,1.472300041536543126e-02,9.991326824479216384e-01,9.647544244542800573e-01,-2.426383668120671577e-01,0.000000000000000000e+00
1.424798487986799755e-01,7.154401854946512707e-02,9.987668446271382588e-03,7.126239540770272496e-02,4.421828581319039997e-02,1.804085429674486818e-01,1.932686452325669407e-02,9.985051451831747915e-01,9.999835217105738083e-01,-2.403362669305062760e-01,0.000000000000000000e+00
-4.717268123082943854e-01,-2.480684443704072040e-01,-9.288414269219877339e-02,-2.423967687972876373e-01,1.085857379750395091e-01,-8.010543330208623747e-01,-2.291182093754715043e-02,9.978987243247047223e-01,9.873901639928608365e-01,-2.614564116449018538e-01,0.000000000000000000e+00
-4.874817234242216912e-01,-2.573215276772746196e-01,-1.497889181205570575e-01,-2.514563249475268436e-01,3.525262734780059137e-01,-7.306714630019187640e-01,1.634697281271861591e-02,9.989307251018813005e-01,9.474395958750065905e-01,-2.418263315764593302e-01,0.000000000000000000e+00
-3.135628702621305886e-01,-1.601446076070221214e-01,2.380373618306551309e-02,-1.531128559081558482e-01,-2.904611626201580865e-01,-9.859299948322570728e-01,-7.778163918342735628e-02,9.756052102337828824e-01,9.883451698302774258e-01,-2.889104388624846864e-01,0.000000000000000000e+00
-2.337173920511839698e-01,-1.182225079295641940e-01,-1.376302228373899594e-01,-1.152433036128875238e-01,4.642656555567136190e-01,-9.773770042365708122e-01,5.894021362455682811e-02,9.860399045556688113e-01,9.375217714700865290e-01,-2.205213587527512231e-01,0.000000000000000000e+00
-2.656658780015747415e-02,-1.328524767636407415e-02,3.165002535015012941e-02,-1.321885001444235430e-02,-1.581801253228575233e-01,-7.142340976299372812e-01,-2.871941362735535089e-02,9.966971536538610232e-01,9.948311305182508946e-01,-2.643606938912544391e-01,0.000000000000000000e+00
-2.670426163433978206e-02,-1.335411513240444131e-02,-1.613731541602668740e-01,-1.230816578073030965e-02,6.546088602136321821e-01,-8.846288172718362874e-01,1.160221468545817036e-01,9.451935370309395568e-01,8.842288288770819848e-01,-1.919237642639613772e-01,0.000000000000000000e+00
1.312075841234027762e-01,6.584093485949893410e-02,-2.145689931739803297e-02,6.509275136247573423e-02,1.764182595198516834e-01,4.902852483973010878e-02,4.077414039893868108e-02,9.933351432907557843e-01,9.952437772488750278e-01,-2.296101048203241790e-01,0.000000000000000000e+00
1.019113515331242781e-01,5.106645163523817338e-02,2.733419822113823672e-02,5.102156895959832766e-02,-5.917349129325117502e-02,-8.488086567535244042e-02,-1.354881106261765066e-03,9.999926571707792311e-01,9.984038358803217772e-01,-2.506774406567625069e-01,0.000000000000000000e+00
-1.056680526570937945e-01,-5.295755365509599577e-02,1.089837757086669495e-02,-5.265920495022173575e-02,-1.144450270463248931e-01,-9.144436336353241046e-01,-2.802823627354027528e-02,9.968543811779144725e-01,9.982453395737460600e-01,-2.640150356454609715e-01,0.000000000000000000e+00
6.824737630386288334e-01,3.841491493507743771e-01,9.622292327253864630e-02,3.560362970538326621e-01,3.411200856513296742e-02,-2.957460434543726091e-01,7.035107297433336460e-02,9.800724552563253589e-01,9.938447179208492743e-01,-2.148099485498154160e-01,0.000000000000000000e+00
7.484457756700552133e-01,4.349696380276080743e-01,2.362762999986414703e-01,4.097199768092752992e-01,-5.200822198432658583e-01,-8.803592098101289398e-01,-1.622972159849977655e-02,9.989460145383032286e-01,8.703191930642046881e-01,-2.581150389277488411e-01,0.000000000000000000e+00
5.106568006444439645e-01,2.711412108295289114e-01,1.590479752928491142e-01,2.642533027463708772e-01,-3.768973021298765991e-01,7.553063005415913134e-01,-1.818992940925429069e-02,9.986759220453216290e-01,9.402711847582587712e-01,-2.590952154865160395e-01,0.000000000000000000e+00
3.255172551676324688e-01,1.665353878001697430e-01,-2.520691896960010336e-02,1.585900175567961368e-01,3.024548457233202647e-01,8.441266623369506616e-01,8.121522030047761964e-02,9.733847860138710173e-01,9.871581384171979057e-01,-2.093700547656685007e-01,0.000000000000000000e+00
8.502239733999354954e-01,5.286461666792499070e-01,2.053302930274795435e-01,4.817712237385252672e-01,-2.659024786033901688e-01,3.898386370895320224e-02,4.078978467289069709e-02,9.933300166359916306e-01,9.235793343803684330e-01,-2.296022794300635050e-01,0.000000000000000000e+00
8.983347851073663071e-01,5.844012585136160176e-01,2.512668828593770387e-01,5.272654753069354605e-01,-4.002641889982937462e-01,-7.444787190860266968e-01,2.639653434066227544e-02,9.972103030635733889e-01,8.685845009791810512e-01,-2.368009664221559230e-01,0.000000000000000000e+00
9.915351385821283836e-01,7.692011408182896082e-01,4.707240747368106604e-01,6.401002965906331665e-01,-1.131419778683519395e+00,-2.345481929815078914e-01,-7.061459067048272975e-02,9.799219035094355323e-01,3.975588409352057151e-01,-2.853219740729103782e-01,0.000000000000000000e+00
9.864840078086214437e-01,7.496933360157534976e-01,2.275770153499060700e-01,6.053573520336047453e-01,-1.168369815069566497e-01,2.883722267202988854e-01,1.044060128529956527e-01,9.557660959358711406e-01,9.115341204851472590e-01,-1.977495214167546977e-01,0.000000000000000000e+00
9.968646155509020002e-01,8.831428502577400863e-01,2.637029704362675586e-01,6.624917620438462995e-01,-1.198957730125010945e-01,-9.152990769173864338e-01,1.304289664767190327e-01,9.304193530676256874e-01,8.532348951152362027e-01,-1.846929083638430003e-01,0.000000000000000000e+00
9.050857916577262907e-01,5.932144400849559407e-01,1.442098984944987228e-01,4.983399488480212969e-01,4.666878631333826188e-02,9.637984393014220608e-01,1.098613620139495400e-01,9.509481661013904352e-01,9.823071616601327660e-01,-1.950140033211611446e-01,0.000000000000000000e+00
9.999868932613082961e-01,8.442332949671523812e-01,4.794052724075316685e-01,6.992604330778063870e-01,-1.070661186762757566e+00,-9.766690763116022689e-01,-4.776849390419155711e-02,9.908449323800052611e-01,3.653472588761736972e-01,-2.738887896359592511e-01,0.000000000000000000e+00
8.484242367574699184e-01,5.267506631802167938e-01,2.206932279554330578e-01,4.827462883642400504e-01,-3.358281612405885630e-01,-6.641309872909261225e-01,2.858534484848169327e-02,9.967279520248762958e-01,9.046207546063258498e-01,-2.357063542582087945e-01,0.000000000000000000e+00
9.638477190680053708e-01,9.671974978342499085e-01,4.972152020975733611e-01,7.957485756812917588e-01,-9.274909089813673235e-01,-9.488207584787674564e-01,-1.206148559049515651e-03,9.999941808113265163e-01,2.493563067552015955e-01,-2.506030743526371785e-01,0.000000000000000000e+00
9.869967348985613231e-01,9.230874458270788008e-01,4.569766994392673309e-01,7.617466368661857112e-01,-8.420357114842149659e-01,9.803674151734439457e-01,4.014185433662101864e-03,9.999355438764182535e-01,3.993620089110234694e-01,-2.479929045880263361e-01,0.000000000000000000e+00
9.987103506774467343e-01,8.684797421374750304e-01,5.693716366514234295e-01,6.779731680953166029e-01,-1.400672932096554302e+00,9.323842978969640871e-01,-1.051514235133688413e-01,9.551230841959098550e-01,9.162221649754272168e-02,-3.026242087362549515e-01,0.000000000000000000e+00
9.999548853894018041e-01,8.465894113893354112e-01,4.091780607671673398e-01,7.103105416175321540e-01,-7.549629993061436339e-01,-9.517288786488485863e-01,5.865316445380469243e-03,9.998623859400760372e-01,5.519611886054598404e-01,-2.470673333698538976e-01,0.000000000000000000e+00
9.127337297379819470e-01,6.035874414366145801e-01,4.719455460597576368e-01,4.890545780535358600e-01,-1.287586423697393734e+00,-7.025288844623480689e-01,-1.322050987931228938e-01,9.284685577769007381e-01,3.721316004584055981e-01,-3.161989973732699521e-01,0.000000000000000000e+00
7.037992200701367329e-01,3.999685141709813374e-01,2.071019546815623114e-01,3.804131289481266776e-01,-4.326627670275988713e-01,9.755595671496299914e-01,-7.051611689819091769e-03,9.998010859032883113e-01,9.048833164188933020e-01,-2.535258204551069650e-01,0.000000000000000000e+00
9.121390702993632527e-01,6.027649622613392433e-01,2.879255793857012913e-01,5.430947905067119441e-01,-5.411607535208846631e-01,-6.642717823897563711e-01,5.513620747148475360e-03,9.998783950162085654e-01,8.110178619166801273e-01,-2.472431826424817680e-01,0.000000000000000000e+00
9.523105513056736582e-01,6.666214004249502167e-01,3.920945675499606375e-01,5.808078918934095336e-01,-9.232101960977823207e-01,9.930135193177465069e-01,-4.953431762414218370e-02,9.901533188630761151e-01,5.990717994385503786e-01,-2.747722242137048410e-01,0.000000000000000000e+00
4.982011512837995482e-01,2.636817346320242117e-01,1.374943086004459247e-01,2.577810259828286488e-01,-2.894213585914267028e-01,3.222477778915356916e-01,-4.777306713589252185e-03,9.999087065842805488e-01,9.593950102458265183e-01,-2.523886578997568408e-01,0.000000000000000000e+00
5.846650071291832340e-01,3.172155891984780318e-01,4.705934294126667972e-02,2.947631063141030183e-01,1.641369044757027829e-01,-9.999753013726009332e-01,8.275367214644796521e-02,9.723577237979794674e-01,9.999363967608424497e-01,-2.085995347768341002e-01,0.000000000000000000e+00
7.176160082345598434e-01,4.105098760516863177e-01,2.192229394592679625e-01,3.892359742826012048e-01,-4.739904328703932745e-01,-7.462626736398425553e-01,-1.231183845130208974e-02,9.993935519972425574e-01,8.905377289631342119e-01,-2.561559969870502163e-01,0.000000000000000000e+00
3.883232341444315394e-01,2.007185623126233609e-01,5.794242522015546210e-02,1.969050738838047099e-01,-1.112182665363301015e-02,-2.439251603444062833e-01,3.156907340580505927e-02,9.960082786584433245e-01,9.971401301273991047e-01,-2.342141522522518116e-01,0.000000000000000000e+00
2.379563068264814452e-01,1.204188830076169114e-01,1.427630099482460613e-01,1.171052141419843678e-01,-4.834368466898205652e-01,9.500388574160486543e-01,-6.196903249822719589e-02,9.845607934173017384e-01,9.323761620483562718e-01,-2.809944355191700271e-01,0.000000000000000000e+00
5.550816544584006446e-02,2.777192316314832515e-02,4.365306405107339388e-04,2.774784251969847695e-02,3.271313633330668463e-02,-4.046506058873125533e-01,1.008640429788146796e-02,9.995930025942062480e-01,9.999209282287778722e-01,-2.449567550945448979e-01,0.000000000000000000e+00
2.061441295727785283e-01,1.040025808323186141e-01,7.429745768986004140e-02,1.034555391765613203e-01,-2.041887282660588276e-01,7.352191037222054470e-01,-1.675693815020842456e-02,9.988763996159620850e-01,9.853735671938427254e-01,-2.583786651332781181e-01,0.000000000000000000e+00
2.132536030756173318e-01,1.076583872805042807e-01,3.174316455618077237e-02,1.070697050889576479e-01,-8.458775412065175359e-03,7.388934996667835264e-01,1.652593455419292326e-02,9.989071761793545390e-01,9.991290282877931528e-01,-2.417368446619191924e-01,0.000000000000000000e+00
-2.671276861179295858e-01,-1.356163475924465622e-01,1.234345492491319696e-01,-1.189515100142312515e-01,-6.227232998758176485e-01,-9.958106787041529628e-01,-1.433553859541850106e-01,9.155625881768267860e-01,8.988610333079408710e-01,-3.218006983975715274e-01,0.000000000000000000e+00
-5.995325537891179613e-01,-3.268880289873806744e-01,-8.833981840215941739e-02,-3.101861680405435528e-01,-4.519292997314350302e-03,-6.894462187233941775e-01,-5.534096580629416229e-02,9.876995287081583585e-01,9.938749692419167614e-01,-2.776775470869331519e-01,0.000000000000000000e+00
-3.437046954864135806e-01,-1.763249330570813567e-01,-1.684905224138640578e-01,-1.707416246745641908e-01,5.300194559846301834e-01,-8.669225349758084009e-01,6.041257301318202905e-02,9.853303177948993241e-01,9.130543766733890676e-01,-2.197845232018272865e-01,0.000000000000000000e+00
1.157505634629538011e-01,5.803781561677951589e-02,-2.035028215369371479e-02,5.749758052669622088e-02,1.622974217785227158e-01,-6.103569721814237209e-02,3.702080180271637849e-02,9.945078266808202727e-01,9.959271709689708763e-01,-2.314874847054785023e-01,0.000000000000000000e+00
-6.413333426749914246e-01,-3.549835844180056488e-01,-1.651996149136651382e-01,-3.409984554616436458e-01,3.002627174658035747e-01,-5.633213807388632866e-01,-7.978827625596209352e-03,9.997453316242606025e-01,9.457248184024777959e-01,-2.539894349773350601e-01,0.000000000000000000e+00
-2.992877883216339407e-01,-1.525559301390052303e-01,3.540721005165410606e-02,-1.451350210851581335e-01,-3.291466159352710585e-01,-9.930515208970467356e-01,-8.365524855451036967e-02,9.717465598838632701e-01,9.830052127348334334e-01,-2.918520345356662160e-01,0.000000000000000000e+00
-6.872947977597414493e-01,-3.876801615257596811e-01,-2.137198471774539310e-01,-3.692765302343360423e-01,4.776329288782674709e-01,-4.609942680481291521e-01,1.648583947536026370e-02,9.989124744641720843e-01,8.942333489829676907e-01,-2.417568935668577002e-01,0.000000000000000000e+00
-2.302076217535721503e-01,-1.164061002523707755e-01,-2.068781537245819591e-01,-1.074794413816791278e-01,7.366062928513880115e-01,-9.531085070075694388e-01,1.115550193182681532e-01,9.493994516580973597e-01,8.416606836319303619e-01,-1.941645745609806017e-01,0.000000000000000000e+00
-4.546862108592279461e-01,-2.381802916585694097e-01,-9.650987556345914931e-02,-2.334417377808211680e-01,1.369660067104072065e-01,-8.139830966357392006e-01,-1.653442972539573980e-02,9.989060519470412958e-01,9.848429786618888571e-01,-2.582674032138553288e-01,0.000000000000000000e+00
-1.958124443826044225e-01,-9.870218190384170975e-02,1.361597086674511126e-02,-9.707549233397116950e-02,-1.808608100567717369e-01,-9.926728451791561048e-01,-4.719551060160698946e-02,9.910638908696784988e-01,9.959093356796300256e-01,-2.736021364452472238e-01,0.000000000000000000e+00
-2.699517589876533341e-01,-1.370957066633516630e-01,-3.085552257148197614e-02,-1.355979482613829390e-01,-3.166372042251236474e-02,-9.892286278290668422e-01,-2.819008483321834568e-02,9.968179090997280056e-01,9.996962320258649948e-01,-2.640959759125217077e-01,0.000000000000000000e+00
-4.127135667648161241e-03,-2.063575156643931985e-03,-4.199961365096747251e-02,-2.051908896348997053e-03,1.853762903831893405e-01,-7.169542921773298660e-01,3.072586982908963316e-02,9.962189313920509770e-01,9.921824498454266950e-01,-2.346358563192204316e-01,0.000000000000000000e+00
-1.538251440787659075e-01,-7.729583867847859835e-02,5.612423119514872022e-02,-7.483232512055124075e-02,-3.363662410662422997e-01,-9.504779128985867409e-01,-7.106475873515670505e-02,9.796633792480945457e-01,9.782771078671276266e-01,-2.855473407250700979e-01,0.000000000000000000e+00
1.749040673550849578e-01,8.801724094502090534e-02,6.714980996217465026e-03,8.738028350230901686e-02,7.900538791880021283e-02,4.263252508033167354e-01,2.794906956233099773e-02,9.968721443524043435e-01,9.997172315731230885e-01,-2.360245554632118825e-01,0.000000000000000000e+00
4.185556031252413156e-02,2.093542436861495909e-02,4.737493291911570870e-02,2.083630551270634554e-02,-1.862556174385116003e-01,-4.116755759958689032e-01,-2.768070218265283530e-02,9.969319843833268635e-01,9.913304914871567952e-01,-2.638412348899980553e-01,0.000000000000000000e+00
-4.718074982304044651e-01,-2.481155546229810438e-01,-1.019485516548869208e-01,-2.428266279456518795e-01,1.490352666856896990e-01,-7.927642527638059100e-01,-1.613093368483204879e-02,9.989588108313153247e-01,9.827169608611970864e-01,-2.580656417378923151e-01,0.000000000000000000e+00
1.577290526860716802e-01,7.927795197857458176e-02,-1.244234196721955010e-03,7.866763415487898481e-02,1.036518066609353195e-01,2.811997693858660496e-01,3.064692499913670987e-02,9.962383602980994235e-01,9.990592258981134677e-01,-2.346753380280096890e-01,0.000000000000000000e+00
3.692068824713673827e-03,1.846039654885461455e-03,1.017073195673061786e-01,1.783590774777162827e-03,-4.399868500784090419e-01,-5.185064878223832885e-01,-7.558822500149227352e-02,9.769718722835697422e-01,9.533883338839187482e-01,-2.878121177612810722e-01,0.000000000000000000e+00
6.710529640436180276e-02,3.358418993512853057e-02,-2.929532839286200924e-02,3.333159478738064591e-02,1.723250397153464064e-01,-3.822868919175768654e-01,3.456438498637390971e-02,9.952136033808429705e-01,9.945043273923112048e-01,-2.327160867196888527e-01,0.000000000000000000e+00
-1.663110817968944076e-03,-8.315558881580647696e-04,1.624048949206379974e-02,-8.307773690331017027e-04,-7.405148630710078894e-02,-6.441736678978950970e-01,-1.249220055913811793e-02,9.993756498225234708e-01,9.987924975335272793e-01,-2.562461815088072359e-01,0.000000000000000000e+00
7.099271891646975474e-01,4.046139956710969043e-01,2.174327139152493760e-01,3.841324364834149407e-01,-4.732827896081789332e-01,-1.913202342592352501e-01,-1.311108190178375370e-02,9.993122405339301961e-01,8.920148330331139075e-01,-2.565556348608863391e-01,0.000000000000000000e+00
5.289582113182268452e-01,2.822440741326342484e-01,1.223018577393896467e-01,2.747938032495000904e-01,-1.979982490739822243e-01,9.993505456617661764e-01,1.346263610549835316e-02,9.992748545308929309e-01,9.731466254508225333e-01,-2.432685802786256901e-01,0.000000000000000000e+00
7.131878413542155348e-01,4.071050149144859187e-01,1.814976647501734819e-01,3.861656023436662033e-01,-3.086611414115909557e-01,-8.434231387637868282e-01,1.474532906871068617e-02,9.991300489719049382e-01,9.357967862427039041e-01,-2.426272018794409235e-01,0.000000000000000000e+00
6.011501549766689045e-01,3.279499358362454320e-01,1.849581178173976825e-01,3.163779296371863614e-01,-4.227022620786648477e-01,-1.203454978052406615e-01,-1.673351127671375213e-02,9.988795402684234048e-01,9.206353089623342534e-01,-2.583669508753728694e-01,0.000000000000000000e+00
9.407582953450419616e-01,6.461597309059258221e-01,3.866290413004145332e-01,5.652852274086109796e-01,-9.242563618919644730e-01,9.920155788737871072e-01,-5.285245999398120731e-02,9.887848868135254987e-01,6.099945291404849090e-01,-2.764323832632672451e-01,0.000000000000000000e+00
8.061159020818318144e-01,4.850595764270196897e-01,2.780607793585151422e-01,4.494495182808096456e-01,-6.446304276738141770e-01,-9.425397690888173141e-01,-2.946170056465163833e-02,9.965240155611273520e-01,8.113054539014235012e-01,-2.647319158962582186e-01,0.000000000000000000e+00
9.390080621992630272e-01,6.432391065555459475e-01,2.269703849867322210e-01,5.580136763555882951e-01,-2.250503337162977346e-01,-7.373061107738902997e-01,6.583490320930880657e-02,9.825629988414891214e-01,9.073544181074889581e-01,-2.170706539104905464e-01,0.000000000000000000e+00
9.012060687166546513e-01,5.881125838809070361e-01,3.543238474394696524e-01,5.244642435735498154e-01,-8.542723089155315197e-01,-1.740183343817681971e-01,-4.956052782250053995e-02,9.901428617392606935e-01,6.766322522989495214e-01,-2.747853373592575310e-01,0.000000000000000000e+00
9.982613185573825376e-01,8.091449477504315535e-01,2.557193760080087586e-01,6.409092610984976623e-01,-1.619621247234148687e-01,3.205867769044647153e-02,1.059927264945497022e-01,9.543915459727827511e-01,8.716401945652336725e-01,-1.969539654972858600e-01,0.000000000000000000e+00
9.961692264967410004e-01,8.873787466417871750e-01,4.725152270288808798e-01,7.347641691108575124e-01,-9.745397561840921652e-01,-9.740842605869226567e-01,-2.431322198449106450e-02,9.976336055753572962e-01,3.726272262763172805e-01,-2.621572098752348312e-01,0.000000000000000000e+00
9.633143376789310430e-01,9.678855392573547656e-01,4.714990034863320578e-01,7.947167864892631384e-01,-8.101991455890260596e-01,-9.181890041135490899e-01,1.854696068319844002e-02,9.986234099682498311e-01,3.224715209072482880e-01,-2.407262538174069766e-01,0.000000000000000000e+00
9.854449643050733343e-01,7.461526238665486810e-01,3.788142756043861858e-01,6.437933908604712707e-01,-7.620178872415764859e-01,-4.067418808368744032e-01,-1.034529287669216403e-02,9.995718385729626121e-01,6.343325537436680372e-01,-2.551726925724167594e-01,0.000000000000000000e+00
9.852980690988583090e-01,9.277412701477153467e-01,4.261373928562564584e-01,7.611476726154449146e-01,-6.952933173789330734e-01,8.039606438452486792e-01,2.947811971612785548e-02,9.965201356320603221e-01,4.798914375209238914e-01,-2.352598727452915595e-01,0.000000000000000000e+00
9.992135797990377988e-01,8.626418027225414287e-01,4.917749235135799868e-01,7.104830019742562897e-01,-1.097436216779293483e+00,9.384763680325256541e-01,-4.942233083949479355e-02,9.901979352891178143e-01,3.259260981547202340e-01,-2.747161965379592008e-01,0.000000000000000000e+00
9.799892160480279113e-01,9.403080940768313578e-01,3.777775999293546683e-01,7.502883820211700971e-01,-4.651746976395905175e-01,-1.377793092937734387e-01,7.231765664549355543e-02,9.789349790890671255e-01,5.960451241147484147e-01,-2.138254046803157449e-01,0.000000000000000000e+00
9.999792161796160483e-01,8.449481316380753615e-01,4.446573399333837995e-01,7.074326016626131253e-01,-9.167621609852103504e-01,-9.993970405421345182e-01,-2.141560607646064707e-02,9.981643655917180613e-01,4.605487353481056423e-01,-2.607082122986883466e-01,0.000000000000000000e+00
9.328423711311113475e-01,6.332690634398266960e-01,3.604139813078608423e-01,5.607140067634304170e-01,-8.262732104204061345e-01,-5.133484075570451388e-01,-3.785148487275211832e-02,9.942581167921440422e-01,6.693477883762241065e-01,-2.689280023911541084e-01,0.000000000000000000e+00
9.101599188049762645e-01,6.000474723305845304e-01,3.065783152038587533e-01,5.408858051685687673e-01,-6.285324840895881726e-01,7.443418956302763068e-01,-9.454656148593920673e-03,9.996423952925820311e-01,7.767019872665269498e-01,-2.547273632894724305e-01,0.000000000000000000e+00
9.998129659852830198e-01,8.309669330133587772e-01,3.969963977951602718e-01,6.999197436651954929e-01,-7.237150757559290826e-01,9.082080613601850594e-01,8.672666318050296919e-03,9.996991092639895271e-01,5.848109295362184934e-01,-2.456636396609445661e-01,0.000000000000000000e+00
8.651623032448824135e-01,5.448429007172811422e-01,2.648576107570281835e-01,4.992418082608777730e-01,-5.109031825088568013e-01,9.502620595400743664e-01,1.972342462252094433e-03,9.999844393801363696e-01,8.428104892880982080e-01,-2.490138284491789089e-01,0.000000000000000000e+00
7.335785942266903614e-01,4.230028602343381960e-01,2.113619928473343401e-01,4.002385283740726996e-01,-4.230775116511150680e-01,-9.284191333168811955e-01,-1.881892389640061562e-03,9.999858338572426009e-01,9.029185053414769957e-01,-2.509409464725183558e-01,0.000000000000000000e+00
7.399692043289091137e-01,4.281058242154383575e-01,2.303081648433383255e-01,4.040813141091138538e-01,-5.018549085680490407e-01,5.083072453005270663e-01,-1.424109324915103642e-02,9.991885456968107038e-01,8.778817636139059077e-01,-2.571206669694384717e-01,0.000000000000000000e+00
5.889631231126014610e-01,3.199958725905603374e-01,1.714331961360796019e-01,3.095417099369408009e-01,-3.718960976374705574e-01,-8.826768380320042517e-01,-9.506567820565494514e-03,9.996384571135559227e-01,9.345670885442348697e-01,-2.547533197087090695e-01,0.000000000000000000e+00
7.974992064228773048e-01,4.771465040188443418e-01,2.469884483154634602e-01,4.451367721882527051e-01,-5.156205547379105747e-01,-9.966833821536034144e-01,-9.012923492488694732e-03,9.996750336478184007e-01,8.610525149730731131e-01,-2.545064922525305251e-01,0.000000000000000000e+00
-7.819938830230391269e-02,-3.914964504129898187e-02,-2.295928790272391481e-02,-3.912814699995504492e-02,5.438039371231558755e-02,-8.907441460904225172e-01,2.540221589457030121e-03,9.999741888750386387e-01,9.987839844313854964e-01,-2.487298885222979927e-01,0.000000000000000000e+00
5.372104589305434219e-01,2.873088884521513564e-01,1.775012787307151396e-01,2.786390548127735678e-01,-4.393548230526693188e-01,8.696705845436448756e-01,-2.607147636215102759e-02,9.972786488178219111e-01,9.226897322679646907e-01,-2.630364766209739025e-01,0.000000000000000000e+00
2.513337202777924939e-01,1.273697550483466057e-01,1.074387026369992282e-01,1.258679774880595570e-01,-3.230259147065940306e-01,9.755060120172810434e-01,-3.287899995884625837e-02,9.956696546292005401e-01,9.665382622169929050e-01,-2.664409811037268816e-01,0.000000000000000000e+00
9.852419194442212091e-02,4.936215856063836532e-02,9.679962521773552431e-02,4.846211264973823707e-02,-3.682301029330015130e-01,-3.505996763621885715e-03,-5.409265986705366624e-02,9.882503127487737293e-01,9.646719539105917951e-01,-2.770529266962659665e-01,0.000000000000000000e+00
1.020303854082226652e-01,5.112635841998134506e-02,2.702644430747652704e-02,5.108150976775718138e-02,-5.771376626293510392e-02,-8.454077966538506295e-02,-1.101615232504967118e-03,9.999951457676635735e-01,9.984572108529918832e-01,-2.505508076719554778e-01,0.000000000000000000e+00
-2.972406373027627335e-01,-1.514713218040530385e-01,-3.369439163452973146e-02,-1.494399897685607936e-01,-3.653167712275279255e-02,-9.765812425517533812e-01,-3.142458761146434826e-02,9.960447816891523365e-01,9.996569964955325238e-01,-2.657135869304360076e-01,0.000000000000000000e+00
-1.495553180345544353e-01,-7.512967771732818878e-02,-9.829217893425599983e-02,-7.405943328750275167e-02,3.450198849358510067e-01,-9.951507740614308206e-01,4.555868986433382617e-02,9.916746599034079734e-01,9.669171808639674959e-01,-2.272167141934716694e-01,0.000000000000000000e+00
-4.935054377335628684e-01,-2.608889869496503477e-01,-6.382325683760886603e-02,-2.514809224586324610e-01,-3.427873231265204934e-02,-8.070567345390363689e-01,-4.944486527380795998e-02,9.901889656117809357e-01,9.978545769826211442e-01,-2.747274706412903833e-01,0.000000000000000000e+00
-3.630943327598128434e-01,-1.868563104749622894e-01,-5.268444433523755688e-03,-1.799582558654286291e-01,-1.995074264523760132e-01,-9.502545241912722096e-01,-6.592229359514645282e-02,9.825164095982427126e-01,9.970164163863487472e-01,-2.829730887259210292e-01,0.000000000000000000e+00
-5.588615552080525850e-01,-3.007817018529732045e-01,-3.585528218902808151e-01,-2.514316038340015380e-01,1.104899653273960780e+00,-3.947269099926491442e-01,1.569029674293296595e-01,8.983266998659036329e-01,5.779593742879211016e-01,-1.713871723114391565e-01,0.000000000000000000e+00
-4.739767454704589822e-01,-2.493831702839545694e-01,-1.965894678855855116e-01,-2.400931534707479997e-01,5.674284040653396755e-01,-6.961070002668383605e-01,5.438107208208747823e-02,9.881241917479354209e-01,8.913737693458719802e-01,-2.228027610934229796e-01,0.000000000000000000e+00
-5.004695888083863231e-01,-2.650346349718182282e-01,-1.305361125089625207e-01,-2.590795800328707932e-01,2.564261495767461430e-01,-7.370586238198085782e-01,-9.407379805411574675e-04,9.999964600440307549e-01,9.652293774221565315e-01,-2.504703690249598380e-01,0.000000000000000000e+00
-4.070087608427666037e-01,-2.111117852441638243e-01,4.484892942589789600e-02,-1.927121408404886271e-01,-4.154088430569767842e-01,-9.474918027211957083e-01,-1.125213453039614342e-01,9.485045356666264027e-01,9.701061838409050786e-01,-3.063201078515576659e-01,0.000000000000000000e+00
-4.219706382471262729e-01,-2.195175273238845759e-01,-2.893801512890196992e-02,-2.114164253149307671e-01,-1.361453238189681003e-01,-8.947415057307539499e-01,-6.029928310617288512e-02,9.853855500656620858e-01,9.997783855210770065e-01,-2.801587802262182070e-01,0.000000000000000000e+00
-5.494109431155552725e-01,-2.948670915661268377e-01,-2.716076327642952259e-01,-2.718955879906754802e-01,8.247379616016805581e-01,-5.214719012320221392e-01,9.386937299981858163e-02,9.643412334180669898e-01,7.780325688543268114e-01,-2.030308195159913343e-01,0.000000000000000000e+00
-3.113587912377174804e-01,-1.589699361070313621e-01,-9.885833611335965998e-02,-1.574478458648278234e-01,2.461143909964171317e-01,-9.404046246209072368e-01,1.465271998610582008e-02,9.991409453513164785e-01,9.762724654145874537e-01,-2.426735089219967945e-01,0.000000000000000000e+00
-2.663444848367022000e-01,-1.352063408234475406e-01,-1.131290251351451254e-01,-1.334497129107760083e-01,3.386818370971659276e-01,-9.660502411479612306e-01,3.422036190775613884e-02,9.953085559646283054e-01,9.630425538387649143e-01,-2.328881491347839783e-01,0.000000000000000000e+00
1.742602202921125498e-01,8.768904039147297491e-02,3.454324195919530882e-02,8.743993260937137080e-02,-4.585913215081253297e-02,4.587927884576485371e-01,6.955033364842314568e-03,9.998064975642825258e-01,9.982017460883207960e-01,-2.465224692994995581e-01,0.000000000000000000e+00
-8.402836383357949190e-02,-4.207618276141630170e-02,-3.092792717773396038e-02,-4.203749020025544098e-02,8.656728435923491394e-02,-9.061365824211784492e-01,7.419701010768399961e-03,9.997797759840481024e-01,9.974256682138712415e-01,-2.462901324749760257e-01,0.000000000000000000e+00
-1.480195387424563247e-01,-7.435098272601765867e-02,-1.213167058606257898e-01,-7.245683689650199433e-02,4.440069048564241894e-01,-9.976135959158135558e-01,6.311869129079310248e-02,9.839795701277666007e-01,9.466098520868916344e-01,-2.184301725569414154e-01,0.000000000000000000e+00
4.272726929230210441e-02,2.137176675502896334e-02,-2.243601535607400721e-02,2.128951096412431618e-02,1.271253435297017842e-01,-5.004482826156745334e-01,2.484111912539622991e-02,9.975296446651826798e-01,9.969538575018453974e-01,-2.375788016900699517e-01,0.000000000000000000e+00
5.191842414429247154e-02,2.597380772442622540e-02,-4.646416476324563560e-02,2.565964619732499091e-02,2.383758716943442102e-01,-4.862520517526290331e-01,4.458775420982270116e-02,9.920266608067696001e-01,9.883413831881575629e-01,-2.277024286823375876e-01,0.000000000000000000e+00
1.298832894897750945e-01,6.517164280035481205e-02,8.275514359001812092e-02,6.452834578867130966e-02,-2.890250676712656230e-01,1.943214978195605125e-01,-3.763560878544403021e-02,9.943235477042756676e-01,9.767528572665433728e-01,-2.688200258967977097e-01,0.000000000000000000e+00
-3.140797890537072590e-02,-1.570721826399155627e-02,1.265403167288133013e-01,-1.477095196858935547e-02,-5.528679090871234658e-01,-6.251494902900479600e-01,-1.007953233214603783e-01,9.588125306855725949e-01,9.237546469974823315e-01,-3.004403738040190563e-01,0.000000000000000000e+00
8.044065512056761680e-01,4.834761039622255674e-01,1.978559614805430744e-01,4.480640830191212065e-01,-2.875962561466842704e-01,9.997359783947855627e-01,3.012063971569874099e-02,9.963665994262181913e-01,9.271761769665272102e-01,-2.349385414122204530e-01,0.000000000000000000e+00
4.164483325730514163e-01,2.164060510173664020e-01,-5.621484829795853067e-04,2.048037524801293030e-01,2.537594999422719821e-01,-7.070916302851659729e-01,8.127047715165280906e-02,9.733482420890477993e-01,9.939732604606426047e-01,-2.093423807002122161e-01,0.000000000000000000e+00
8.203998595844549380e-01,4.985736165629701677e-01,1.977512172765671927e-01,4.591979727549285184e-01,-2.688205827767087275e-01,7.894853797616546709e-01,3.564348178356070013e-02,9.949095634844371538e-01,9.289845494537307680e-01,-2.321763720543426890e-01,0.000000000000000000e+00
5.379790950491782908e-01,2.877825576061736057e-01,6.027830148895525764e-02,2.738065098493982497e-01,7.957312829955731637e-02,9.291759994216095553e-01,6.202016341061751536e-02,9.845351752394432276e-01,9.990948946789948160e-01,-2.189799744447678553e-01,0.000000000000000000e+00
9.911601328429440194e-01,7.675848228931368977e-01,3.399193995833000859e-01,6.556825686777736362e-01,-5.583001110987494409e-01,-7.890381563711013069e-01,2.687741177679051768e-02,9.971076362628646939e-01,7.196826827287990946e-01,-2.365604850483678800e-01,0.000000000000000000e+00
8.864888823273232576e-01,5.696193836929323018e-01,3.817993098333888891e-01,5.001893701223110167e-01,-9.896294169373112126e-01,-8.286172017035834392e-01,-7.682117525384515866e-02,9.762086103635760903e-01,6.091814199633105442e-01,-2.884294887658909179e-01,0.000000000000000000e+00
9.281856803024509661e-01,6.260382777002946320e-01,4.879033825233649591e-01,5.006843865615135947e-01,-1.323490485983036535e+00,-9.955434727295485731e-01,-1.360792763580284115e-01,9.241137203062370631e-01,3.298712547583469989e-01,-3.181448270279584323e-01,0.000000000000000000e+00
8.032977396270745141e-01,4.824526284064355464e-01,2.981954237138099151e-01,4.441194106783444284e-01,-7.360461072251811565e-01,8.408688782816860219e-02,-4.550323290985147651e-02,9.916949715426761625e-01,7.738051781111738858e-01,-2.727555429535608589e-01,0.000000000000000000e+00
9.994554867429119582e-01,8.591256403052700552e-01,4.600820519899675443e-01,7.155102687132612882e-01,-9.639423484797837727e-01,6.704134017195582107e-01,-2.712681728490699135e-02,9.970536557320770488e-01,4.156194661678860869e-01,-2.635642404392514182e-01,0.000000000000000000e+00
9.467446701052084634e-01,9.848224888879467676e-01,5.680696697692894093e-01,8.049751348010752983e-01,-1.190944495614737919e+00,-1.206403201899008126e-01,-4.067480968615549974e-02,9.933676478433978163e-01,1.138870515595428491e-02,-2.703402092252950029e-01,0.000000000000000000e+00
9.987635740091734826e-01,8.142662224141662408e-01,3.943506105047276944e-01,6.892396570996450755e-01,-7.363672119509221403e-01,-9.201609352351788340e-01,4.027808633916919734e-03,9.999351056267410387e-01,5.935348274111408307e-01,-2.479860929603656394e-01,0.000000000000000000e+00
9.995936522223994869e-01,8.567440425631293044e-01,4.841930109997051868e-01,7.079744400413923167e-01,-1.073335877910491121e+00,3.214676869168627826e-01,-4.620341546258405208e-02,9.914366870956182742e-01,3.490262430125326554e-01,-2.731058183171337639e-01,0.000000000000000000e+00
8.064431711959817450e-01,4.853635370175951036e-01,2.145271280521586776e-01,4.511370430080455241e-01,-3.594873046925670668e-01,-9.962140458331301129e-01,1.829819120558154669e-02,9.986601069442962997e-01,9.074786805340266937e-01,-2.408506491107475500e-01,0.000000000000000000e+00
9.953450920856561357e-01,8.918878498587321513e-01,3.960238726404279319e-01,7.349506271753505349e-01,-6.248242386441422713e-01,-9.222149921339011236e-01,3.506415400387077191e-02,9.950739609538845620e-01,5.726878561721306937e-01,-2.324661264772504565e-01,0.000000000000000000e+00
8.525754614560822064e-01,9.769568694434820344e-01,5.797003440535708485e-01,8.724037001397358937e-01,-1.031322263916615078e+00,3.627420931733821297e-01,4.838540841405369539e-03,9.999063511669369353e-01,-1.944892491486627240e-01,-2.475807248593950294e-01,0.000000000000000000e+00
9.799770391029791750e-01,7.292692182588368377e-01,2.663593046918987239e-01,6.155811454402961846e-01,-2.899534326850818911e-01,-2.388998503122294337e-01,6.771782320671131117e-02,9.815451833892091527e-01,8.552757380145113997e-01,-2.161281435494762926e-01,0.000000000000000000e+00
9.892789715924680261e-01,7.599372066466207887e-01,3.718749639047602140e-01,6.534378043485365994e-01,-7.119611945495374350e-01,7.576066383288053707e-01,2.597764547629907749e-05,9.999999973006477028e-01,6.500754558095576119e-01,-2.499870111772611314e-01,0.000000000000000000e+00
6.125021159646709679e-01,3.354570318767983172e-01,8.473794499639858424e-02,3.164686862523261590e-01,2.929187852920867030e-02,6.425417609447173772e-01,6.118203924560028373e-02,9.849523829494628568e-01,9.953827442882735577e-01,-2.193994343382690559e-01,0.000000000000000000e+00
9.613449466791585962e-01,6.844076657198991942e-01,3.738227624769918100e-01,5.988292071478882317e-01,-8.211589065813984512e-01,-5.991147235887270828e-01,-2.935757679468799577e-02,9.965485699846998724e-01,6.437892116283054911e-01,-2.646798427522110697e-01,0.000000000000000000e+00
9.285154042572357769e-01,6.265424240137585921e-01,2.916957288391446301e-01,5.602457008130850014e-01,-5.276979392577527683e-01,-9.489171309571126089e-01,1.125842052092706352e-02,9.994929061866517639e-01,8.068076136092141581e-01,-2.443707302792959279e-01,0.000000000000000000e+00
6.509294074714175871e-01,3.616410034429300424e-01,6.444353343535946799e-02,3.319028646409497574e-01,1.388840705132637354e-01,-9.950040375744476639e-01,8.597762387823865149e-02,9.701406251730251284e-01,9.997426677635140591e-01,-2.069846868185969413e-01,0.000000000000000000e+00
6.764938492845284923e-01,3.798043562218358926e-01,2.831099538532755311e-01,3.520380140232152177e-01,-7.868951763145500822e-01,4.601827170143060752e-01,-7.139699841209283526e-02,9.794714977780394349e-01,7.793742683453408482e-01,-2.857136714585302162e-01,0.000000000000000000e+00
6.719003322613884555e-01,3.764924980893996076e-01,2.029218033910735186e-01,3.597745196010232460e-01,-4.430935392641007775e-01,9.786201121893904897e-01,-1.246290109162733958e-02,9.993785757214546095e-01,9.065034021912330431e-01,-2.562315312048351612e-01,0.000000000000000000e+00
5.695673998980763653e-01,3.075480363328897404e-01,1.935137997171013091e-01,2.966983828997157291e-01,-4.857777645022768320e-01,-7.005098777237609431e-01,-3.063692102348582191e-02,9.962408187643015944e-01,9.067366707687811722e-01,-2.653196588098551967e-01,0.000000000000000000e+00
5.981757407917231983e-02,2.993111860845976829e-02,-7.059928423682694520e-02,2.918991185642619973e-02,3.456665648488526088e-01,-4.775131965318897831e-01,6.417279537990187854e-02,9.834370686844278175e-01,9.740809685632195736e-01,-2.179025863965288745e-01,0.000000000000000000e+00
-2.932586280836718129e-01,-1.493641554995395748e-01,-9.553095221002685933e-02,-1.480478562355543870e-01,2.431087011828061972e-01,-9.552560183396513471e-01,1.573870185241394923e-02,9.990088458317218922e-01,9.774221020197044751e-01,-2.421304866288331303e-01,0.000000000000000000e+00
-2.137011733054549334e-01,-1.078887740529705236e-01,1.059684287149211257e-01,-9.850929093038740536e-02,-5.512333672030844678e-01,-9.784952666577757530e-01,-1.198957780395211170e-01,9.414035005779722853e-01,9.283332593011921485e-01,-3.100198049640398024e-01,0.000000000000000000e+00
1.382330394809508922e-01,6.939407255787116702e-02,8.045691807064513090e-02,6.879441983551329298e-02,-2.738669076951026349e-01,2.518931349225804750e-01,-3.433030890766199800e-02,9.952783138010558028e-01,9.786544978843402243e-01,-2.671668405140426028e-01,0.000000000000000000e+00
-6.530273786662216251e-01,-3.631077274924364162e-01,-1.243710624700679473e-01,-3.447320131276960242e-01,1.089602225601617180e-01,-6.030382927292081696e-01,-4.156747637425964315e-02,9.930726646604440822e-01,9.790717539013443771e-01,-2.707867313116211205e-01,0.000000000000000000e+00
-1.266239160849952361e-01,-6.352499025236858776e-02,2.228028312516901199e-03,-6.319290362238454140e-02,-8.883191294594386389e-02,-9.467559728619159287e-01,-2.548491071724824988e-02,9.973998279638269793e-01,9.992604969497319578e-01,-2.627431450682943259e-01,0.000000000000000000e+00
-2.158450344403877452e-01,-1.089927258539955118e-01,-6.974094896961220702e-03,-1.077410134248445867e-01,-1.032106636296118707e-01,-9.994791517796142166e-01,-3.560167164120277283e-02,9.949215188628902640e-01,9.994409969392978876e-01,-2.678027162411082962e-01,0.000000000000000000e+00
-2.523214408921971019e-01,-1.278841776987302004e-01,-1.304308356984259509e-01,-1.253021977642420348e-01,4.226637162297178785e-01,-9.685259375441479524e-01,4.993095765751667803e-02,9.899944714785831046e-01,9.464867680860036270e-01,-2.250293330904167277e-01,0.000000000000000000e+00
-5.036903105571975958e-01,-2.669597451615739470e-01,-2.739575305386248161e-01,-2.437735012365258302e-01,8.575037379705814367e-01,-5.719099240911273974e-01,1.059148314873742669e-01,9.544595369071483537e-01,7.646174040379091208e-01,-1.969930225138716851e-01,0.000000000000000000e+00
-5.452051539136174574e-01,-2.922519377004277330e-01,-1.381073483494504039e-01,-2.842912072632263198e-01,2.565608193121380332e-01,-6.848686629572022788e-01,-5.293571803807335316e-03,9.998879082023856002e-01,9.623149633997505337e-01,-2.526467920825856694e-01,0.000000000000000000e+00
-6.494687689933494046e-02,-3.250202974161561092e-02,-6.486358927155219667e-02,-3.223224297929831728e-02,2.495185985448004073e-01,-8.947628879507101285e-01,3.646050273545552861e-02,9.946731052234830672e-01,9.840918029234527742e-01,-2.317677288039676764e-01,0.000000000000000000e+00
-7.754698024939364887e-01,-4.576448240422666958e-01,-2.769122245032594742e-01,-4.255056983669424087e-01,6.726835394905420484e-01,-3.046703395817037530e-01,3.850052127977993122e-02,9.940591259076656527e-01,8.082326440498059927e-01,-2.307473611349611098e-01,0.000000000000000000e+00
-4.081508857724376327e-01,-2.117507515138087881e-01,-1.007479884610970877e-01,-2.086531419351954353e-01,1.888508223766185712e-01,-8.546253000708742276e-01,-3.560770176215925960e-03,9.999492828056293359e-01,9.802405002009211277e-01,-2.517803869692480379e-01,0.000000000000000000e+00
-3.662972153087541982e-01,-1.886058785047985686e-01,-1.040836721281838267e-01,-1.863527743144062776e-01,2.327289357410305404e-01,-8.909462106430050543e-01,7.538515309333815480e-03,9.997726659236680913e-01,9.759195510865871226e-01,-2.462307244949027973e-01,0.000000000000000000e+00
-5.281905428524231727e-01,-2.817748087947176128e-01,-1.654355246183822348e-01,-2.740598864613011387e-01,3.923479926360833314e-01,-6.717924019269129188e-01,1.906050461126343465e-02,9.985460847835087028e-01,9.352179039985877296e-01,-2.404694591532446080e-01,0.000000000000000000e+00
-1.044566555189785639e-01,-5.234764133358815047e-02,-1.193251524429026628e-01,-5.078543101301185442e-02,4.593607731696768837e-01,-9.746057155238047054e-01,6.986797049670512294e-02,9.803469596366332084e-01,9.448445157345525258e-01,-2.150517968600678120e-01,0.000000000000000000e+00
-2.023252968104572933e-02,-1.011712773916015849e-02,-2.922403816080953662e-02,-1.009685862301281344e-02,1.186475844404748931e-01,-7.561656431038408233e-01,1.812413807642524952e-02,9.986854870494341618e-01,9.965867940698399652e-01,-2.409376828912937474e-01,0.000000000000000000e+00
-1.453437770225835257e-01,-7.299481339239910493e-02,-3.824130176948465493e-02,-7.286482017602485817e-02,8.085023578928793309e-02,-9.795321478687093464e-01,1.320017236779543390e-03,9.999930302017857597e-01,9.969330011894396160e-01,-2.493399912857744705e-01,0.000000000000000000e+00
-4.328489995267789103e-01,-2.256786174603647721e-01,-1.417906578627412817e-01,-2.213140688288746383e-01,3.557772200896278658e-01,-7.953976887004057250e-01,2.205629390352130056e-02,9.980528175603242680e-01,9.505103194418065282e-01,-2.389714059453186545e-01,0.000000000000000000e+00
-6.232511876172176779e-02,-3.118782224244640022e-02,3.224376429099361230e-02,-3.093765007743552037e-02,-1.824224328463985301e-01,-8.141939072209276596e-01,-3.587730939588715945e-02,9.948424413405889677e-01,9.936714536494875016e-01,-2.679405791374378509e-01,0.000000000000000000e+00
-5.756086513460315773e-02,-2.880032842194946846e-02,3.873563324137117847e-02,-2.851903149343627819e-02,-2.080384016003746228e-01,-7.965678816508315885e-01,-3.985110212496978388e-02,9.936341133561131800e-01,9.914397963622173515e-01,-2.699281884791435715e-01,0.000000000000000000e+00
2.673353270318853947e-01,1.357250670322580066e-01,5.068145989601477441e-02,1.347680284693930919e-01,-5.853515800054183427e-02,9.929702979005139429e-01,1.280896644690450274e-02,9.993435779534010077e-01,9.963983129526582383e-01,-2.435954292100162288e-01,0.000000000000000000e+00
-3.568989715778619204e-02,-1.784968679746238782e-02,-1.139130306239219681e-01,-1.719336936037150002e-02,4.729161430641376507e-01,-8.700624115202720832e-01,7.874131809019040140e-02,9.749945774410586630e-01,9.442636523347778255e-01,-2.106089861869389346e-01,0.000000000000000000e+00
5.058960865936008577e-01,2.682811134647078433e-01,2.145928429147385685e-01,2.563289737010170932e-01,-6.225540408400340731e-01,6.781815817071684682e-01,-6.090372728333821872e-02,9.850896429491465822e-01,8.695849230124701457e-01,-2.804612799679024882e-01,0.000000000000000000e+00
6.631150295752114010e-01,3.702184292034819690e-01,8.109125141738379727e-02,3.422790153520216538e-01,8.122259171979989700e-02,2.348102872489569448e-01,7.662218726343646147e-02,9.763326557088907176e-01,9.975276211511089341e-01,-2.116701517839460756e-01,0.000000000000000000e+00
2.806821011726052251e-01,1.427305943196905402e-01,6.695748402599505100e-02,1.417642730119063055e-01,-1.229536073932145229e-01,9.973901853674964624e-01,3.216657205088163836e-03,9.999586118947253466e-01,9.915160835891974056e-01,-2.483916700106887365e-01,0.000000000000000000e+00
5.559696313588061711e-01,2.989661048240562780e-01,2.072072488275591706e-01,2.871457960944746590e-01,-5.560640836208399218e-01,1.530261602394405659e-02,-4.406138171579532942e-02,9.922142877765427471e-01,8.868507172006933059e-01,-2.720342557584315979e-01,0.000000000000000000e+00
7.352088337966419251e-01,4.242989180998651411e-01,2.915724323912161076e-01,3.922990845133435545e-01,-7.740600670167997466e-01,-9.417652404728442672e-01,-6.156965819312037319e-02,9.847601507264146514e-01,7.739642442299706770e-01,-2.807945577705732720e-01,0.000000000000000000e+00
9.631129800310586075e-01,6.881208476369333749e-01,3.630764667396906842e-01,6.030844427617838566e-01,-7.685426183396260047e-01,9.278304905252577894e-01,-1.994294000849684834e-02,9.984082730288083019e-01,6.684227510877756018e-01,-2.599718005058587744e-01,0.000000000000000000e+00
7.833742733818406245e-01,4.645284574128724087e-01,2.517556983705725449e-01,4.342331357068901498e-01,-5.527280182936424868e-01,9.212669932434925935e-01,-1.714521032775421019e-02,9.988237062265783450e-01,8.516295909687955357e-01,-2.585728151690422361e-01,0.000000000000000000e+00
8.986447293630983602e-01,5.847993276577432287e-01,4.168038878114341816e-01,5.001537340931908604e-01,-1.111099462279243610e+00,7.416164459233965944e-01,-9.761296777282940651e-02,9.614041160277591036e-01,5.232621746011321129e-01,-2.988452743812529677e-01,0.000000000000000000e+00
6.746925573011152144e-01,3.785030326837797721e-01,1.574562206472702452e-01,3.607857566496122659e-01,-2.364621258757877431e-01,8.257378408054784069e-01,2.236908373326810390e-02,9.979971612128788472e-01,9.557368103241150603e-01,-2.388149917370884501e-01,0.000000000000000000e+00
9.983320254148940753e-01,8.098173467548999138e-01,4.705273638120747726e-01,6.740878981328902730e-01,-1.079707656698630558e+00,1.628989019037164199e-01,-5.485015637310817344e-02,9.879176089433795438e-01,3.955536877912770310e-01,-2.774319560420618336e-01,0.000000000000000000e+00
9.964164582757469857e-01,8.859244786550227735e-01,4.724812876466987221e-01,7.336620687223921466e-01,-9.767681770094459592e-01,-9.220803187582434779e-01,-2.493087860503276354e-02,9.975117451256758638e-01,3.732471945569875160e-01,-2.624660849991240497e-01,0.000000000000000000e+00
9.664485173862767953e-01,9.636901841451296358e-01,4.814421184865774195e-01,7.924078778316432370e-01,-8.654745031029578151e-01,-9.947408921774191226e-01,8.305062846207763791e-03,9.997240783520312535e-01,2.988866299524680636e-01,-2.458474447086491099e-01,0.000000000000000000e+00
9.880676940253655394e-01,9.199514591068755909e-01,3.369488800429006892e-01,7.213961237586665742e-01,-3.358358605051441348e-01,9.943100923557017801e-01,9.248762455641713898e-02,9.653949718709108341e-01,7.011920897390997442e-01,-2.037231955207161327e-01,0.000000000000000000e+00
9.663014851112445847e-01,6.950459333819678509e-01,3.069417673509791666e-01,6.071132788400518399e-01,-5.076349051112484245e-01,-9.731042523761035401e-01,2.468873568496551818e-02,9.975598841471111644e-01,7.840398899157525747e-01,-2.376550050936429292e-01,0.000000000000000000e+00
9.812967545597776065e-01,9.374494392445457125e-01,4.934086803301371282e-01,7.709963925656800887e-01,-9.777373928437683714e-01,2.529214144573653233e-01,-1.593829501547490424e-02,9.989835388668576455e-01,2.876686378624073726e-01,-2.579693162117354110e-01,0.000000000000000000e+00
9.986681030031533401e-01,8.689106726686406379e-01,3.765194399904321365e-01,7.182968670551516110e-01,-5.754221775279755313e-01,7.524438639997436118e-01,3.967101467100009327e-02,9.936916384393313928e-01,6.263147938455718711e-01,-2.301618908457537249e-01,0.000000000000000000e+00
9.794286476916848061e-01,7.277079929656118384e-01,3.283630262178858228e-01,6.301345584154105506e-01,-5.602995472850293979e-01,-8.102005032343040369e-01,2.063696409532760415e-02,9.982954956162921611e-01,7.435854321856050220e-01,-2.396811517301251637e-01,0.000000000000000000e+00
9.002465412912287190e-01,5.868663813045655875e-01,3.714950945135829796e-01,5.188362143108614655e-01,-9.286025655216376684e-01,9.886459733184935761e-01,-6.288747723764183395e-02,9.840973390927805209e-01,6.370987176124445206e-01,-2.814541056181106282e-01,0.000000000000000000e+00
8.422093974830049401e-01,5.202904625015334350e-01,2.819338905101564929e-01,4.789123156326112185e-01,-6.184344734872906368e-01,-9.857745230888590449e-01,-1.967070470101218299e-02,9.984514550829267643e-01,8.104277222742901632e-01,-2.598356695009468864e-01,0.000000000000000000e+00
9.515533075542649266e-01,6.652095537548735615e-01,3.206044834614008576e-01,5.883919769942109745e-01,-6.077027548935118872e-01,8.863108585213789192e-01,3.570539749384615304e-03,9.999490041167645726e-01,7.560810289624000369e-01,-2.482147282286413792e-01,0.000000000000000000e+00
8.843494512814763509e-01,5.670337694567426645e-01,3.017011821854270748e-01,5.153534784122515422e-01,-6.484167886215194132e-01,-7.365125232022430302e-01,-1.767770801024986377e-02,9.987494737638394904e-01,7.815557441717635445e-01,-2.588390841918101204e-01,0.000000000000000000e+00
4.976615368348881185e-01,2.633602702723029654e-01,1.888863211141695309e-01,2.546128812780926731e-01,-5.181492505089690948e-01,3.751821640310034622e-01,-4.343998915681593354e-02,9.924328878832818779e-01,9.044523195943121596e-01,-2.717234107513107344e-01,0.000000000000000000e+00
7.397747386314780238e-01,4.320422134739808628e-01,1.782069001946209597e-01,4.015552037834002608e-01,-2.684675405467895626e-01,-4.728490113728688882e-01,2.548573195628923288e-02,9.977431663056764988e-01,9.436938753534005464e-01,-2.379266466432611304e-01,0.000000000000000000e+00
6.388022754697011418e-01,3.626981504923281752e-01,1.217293187838408425e-01,3.332669961702758865e-01,-1.093949748305014791e-01,3.359391356866702205e-01,4.100144804308187424e-02,9.942554352407585450e-01,9.823227328926431579e-01,-2.307063295868519437e-01,0.000000000000000000e+00
4.741528398401161359e-01,2.649621106565383521e-01,1.931059358156814731e-01,2.350803966608648043e-01,-5.525929491681573769e-01,-6.986335882416380150e-01,-5.117187729997946244e-02,9.880340924148923731e-01,9.044913290678153750e-01,-2.769087954314625732e-01,0.000000000000000000e+00
2.783765655282615520e-02,3.498586628498615708e-02,-2.961890625108502817e-02,6.871067471846401160e-03,1.496876822068841928e-01,-6.584936751965486668e-01,2.489727476963030095e-02,9.975435036824613633e-01,9.927507334660233829e-01,-2.375991683768775287e-01,0.000000000000000000e+00
7.043753640639814628e-02,6.143086144329657633e-02,-2.199424808320661964e-02,2.639540973227214038e-02,1.417957414998527177e-01,-4.792682734081797902e-01,2.690063172003965067e-02,9.972309582000224992e-01,9.934764455796336602e-01,-2.367805545146889346e-01,0.000000000000000000e+00
4.056929567541545101e-01,2.405346053906375903e-01,1.542158062275141295e-01,1.951198338218869954e-01,-4.298218089458384905e-01,-3.057101702576150992e-01,-3.686298061144838850e-02,9.928413852630545433e-01,9.480937051453048880e-01,-2.705102263598426759e-01,0.000000000000000000e+00
-4.128426915592221108e-02,1.552335092857123552e-02,-5.273304217815734385e-02,-3.255758369557121973e-02,2.099379063478916119e-01,-9.085116069755631019e-01,2.649370514022585804e-02,9.969678204202264693e-01,9.819654770100383345e-01,-2.363577537303717946e-01,0.000000000000000000e+00
-2.981095320317646569e-01,-1.113486236485003028e-01,-1.361097787523818936e-01,-1.627970319017958967e-01,4.189565527294478731e-01,-8.839148960500096130e-01,3.547572159265238723e-02,9.931365230784893194e-01,9.278753668301430446e-01,-2.299855734418642661e-01,0.000000000000000000e+00
-4.128768970166408758e-01,-1.696956427613404150e-01,-1.112941055520599576e-01,-2.262642548497995343e-01,2.318033980723368803e-01,-7.771238116057199719e-01,-9.546708671701896465e-03,9.999994179683947548e-01,9.599176058612480800e-01,-2.512455423619318617e-01,0.000000000000000000e+00
-6.008145123452500735e-01,-2.811909613117208884e-01,-1.521598990032567711e-01,-3.323371803868621077e-01,2.736902829256516179e-01,-5.355138810404704852e-01,-2.582164655735133540e-02,9.995272204326784982e-01,9.347014590297794134e-01,-2.571527643137100916e-01,0.000000000000000000e+00
-3.292503924849533581e-01,-1.145658099861331380e-01,-5.246914679553779659e-02,-1.840134859409126855e-01,2.499142708306481553e-02,-8.950378039358587445e-01,-3.748699258679576152e-02,9.967238102404816225e-01,9.903481809051325468e-01,-2.653226030606430363e-01,0.000000000000000000e+00
-3.784078692363424534e-01,-1.374875544621551871e-01,-9.972183758458222358e-02,-2.121814559717827287e-01,2.033685021638249879e-01,-8.047106891620915414e-01,-1.418225664383000392e-02,9.999598722776872339e-01,9.628103982406169825e-01,-2.528506190354563588e-01,0.000000000000000000e+00
-6.126932517384392485e-01,-2.772646442941101297e-01,-2.778249484912007627e-01,-3.323218630299429877e-01,8.108043580071381262e-01,-3.329313487877449407e-01,6.038902969230226098e-02,9.743514672679919331e-01,7.281209887271101744e-01,-2.122921890789824240e-01,0.000000000000000000e+00
-1.795960725438195127e-01,-2.170632012407290590e-02,-1.028525156268898511e-01,-1.122580331023519257e-01,3.463885061191490089e-01,-9.740446221312414332e-01,2.938514053457592923e-02,9.947607423342453847e-01,9.412380535497711920e-01,-2.326955277601027716e-01,0.000000000000000000e+00
-5.828458177811967067e-01,-2.476020216172378774e-01,-2.486801834764962305e-01,-3.226319469263524975e-01,7.122425484251568850e-01,-3.849995448047656144e-01,4.278376598424390997e-02,9.833800793192489786e-01,7.734534229629855817e-01,-2.202868465883840721e-01,0.000000000000000000e+00
-3.068725351885867592e-01,-7.880976908819968541e-02,-1.811844740409485621e-01,-1.764342251255584249e-01,6.042843516441416263e-01,-7.819539904454861912e-01,5.771219008423632973e-02,9.801824040224970114e-01,8.468313344285641753e-01,-2.163184336249242279e-01,0.000000000000000000e+00
-2.675069366192858733e-01,-5.246184748713256241e-02,-4.165572165045286490e-02,-1.619142678550011816e-01,1.650403546817752476e-02,-9.226881795871093583e-01,-3.942007330284461042e-02,9.969787889710720608e-01,9.877790140925432061e-01,-2.651064273708543251e-01,0.000000000000000000e+00
-2.445231324482315949e-01,-3.596868733190888845e-02,-1.221678838852190696e-01,-1.514369768352722689e-01,3.909089510795401567e-01,-8.881007468914470238e-01,2.504516722879437246e-02,9.945713946040632969e-01,9.174186642138248970e-01,-2.329424861380040013e-01,0.000000000000000000e+00
-2.905835920957881013e-01,-5.557112393614161566e-02,-1.036211934533795703e-01,-1.775990370105646199e-01,2.792170232678088948e-01,-8.461194780562489859e-01,-6.285597895348011416e-04,9.992286331707778135e-01,9.401454379396489980e-01,-2.447245081107758402e-01,0.000000000000000000e+00
-2.715693424686324020e-01,-4.069151260347371457e-02,-4.580655597536831269e-02,-1.686204515782963598e-01,3.211329169781185211e-02,-9.009834513592664962e-01,-4.085875694952968706e-02,9.972239354762291175e-01,9.830354903007130218e-01,-2.648323589169586101e-01,0.000000000000000000e+00
-3.474326927968207634e-02,8.530103230626222277e-02,-8.552917246320763944e-02,-5.100939725908721495e-02,3.564922351491018326e-01,-9.895863913700739811e-01,4.123299449944597961e-02,9.915759757388999951e-01,9.329146288349937644e-01,-2.276087351253417712e-01,0.000000000000000000e+00
-2.298175426241540892e-02,9.640088951972348996e-02,-1.018181440801474782e-02,-4.747061543199370542e-02,2.963282663039310677e-02,-9.606158761742626950e-01,-1.361004640533791318e-02,9.996643756764717059e-01,9.886350040936785488e-01,-2.550925260480336187e-01,0.000000000000000000e+00
-4.274786395858349852e-01,-1.137174034015720203e-01,-1.112464638075157664e-01,-2.552815265106925247e-01,2.194166173275087783e-01,-6.568178711520922253e-01,-3.346153678225509409e-02,9.997310393185552257e-01,9.363754542926626678e-01,-2.569932564521686391e-01,0.000000000000000000e+00
1.162371382091513528e-01,1.745278767009146581e-01,2.887502985791704641e-02,1.916711836265690833e-02,-5.906582322219205289e-02,-5.872666846190378598e-01,-1.295969206327995255e-02,9.991107072386150589e-01,9.968665025333776075e-01,-2.572294597936023441e-01,0.000000000000000000e+00
2.412308359454371498e-01,2.415341733889962983e-01,1.334278501862566912e-01,7.874646640283583521e-02,-4.417746319955098144e-01,3.487332317420890337e-01,-6.301780727556460793e-02,9.793786873422372086e-01,9.802599285980888588e-01,-2.848199794894785697e-01,0.000000000000000000e+00
2.968405043777230801e-01,2.738555380106624249e-01,1.263765740284261696e-02,1.077495963158058151e-01,1.273832945658778804e-01,6.104158976175235729e-01,4.042841904266935432e-02,9.967353242865857332e-01,9.829999197218147744e-01,-2.343510575806082019e-01,0.000000000000000000e+00
2.781886338386991286e-01,2.695206238752446137e-01,7.243979457504287622e-02,9.673694390836891366e-02,-1.517816171511900680e-01,5.000311761479294681e-01,-9.378991059139004174e-03,9.983262783301848353e-01,9.999788115951570022e-01,-2.589451813161594562e-01,0.000000000000000000e+00
8.028993778065248721e-01,5.885400271684614326e-01,1.105991124311970081e-01,3.939110159172439229e-01,7.404149966900291924e-02,6.215852443158134122e-01,1.153934422516184471e-01,9.825362064862050993e-01,9.989545384501348213e-01,-2.113379337256064971e-01,0.000000000000000000e+00
6.416541213703865765e-01,4.798544306153494921e-01,1.267625074815621200e-01,2.956164846245748490e-01,-1.330517663548191343e-01,-2.534702623334855187e-01,4.718160939205465199e-02,9.996011695816481302e-01,9.989641889043200385e-01,-2.406735974191541727e-01,0.000000000000000000e+00
7.045430347716565844e-01,5.253096194379439643e-01,2.902048840599363300e-01,3.194710406505189004e-01,-7.950314834800353836e-01,4.963616084322217126e-01,-5.459869461395061574e-02,9.609953667366822883e-01,8.703912207357903386e-01,-2.941402464162038433e-01,0.000000000000000000e+00
6.590502725063011047e-01,4.992930667069768180e-01,2.373874065191635407e-01,2.971673265010701948e-01,-6.107078459074928301e-01,-9.532664232518982539e-01,-2.983892266542501753e-02,9.799482722757204556e-01,9.352827267139989242e-01,-2.806032894271848765e-01,0.000000000000000000e+00
9.000059231840911167e-01,6.932397060456927385e-01,2.822007378912260167e-01,4.850262869864265802e-01,-5.475159553163955195e-01,-3.757944078703526203e-01,3.606885461693211392e-02,9.956008942870707701e-01,9.152483564840132590e-01,-2.584525646875998062e-01,0.000000000000000000e+00
9.992058398261526309e-01,8.814128196540615967e-01,4.444977117609547057e-01,6.409899254318284223e-01,-9.720399195981508367e-01,2.606497262437296181e-01,2.234226233771677977e-02,9.756975228373917508e-01,6.490295202740322678e-01,-2.771576382345449785e-01,0.000000000000000000e+00
9.335329462768606756e-01,7.393253400962541688e-01,2.960966923201454049e-01,5.187635784499208258e-01,-5.512045521841250073e-01,-4.884934854349196609e-01,4.914881533417200798e-02,9.962849292268681767e-01,9.083727284482837616e-01,-2.558636556902550985e-01,0.000000000000000000e+00
8.694241060002102506e-01,6.733341427033515680e-01,2.733278029678893883e-01,4.502128622222124066e-01,-5.542178787691447450e-01,-9.934631785334938625e-01,2.855839308209562680e-02,9.929079111536190938e-01,9.293597641071076332e-01,-2.627552159939165466e-01,0.000000000000000000e+00
9.996658321543447911e-01,8.927046178547589639e-01,4.627112294540038917e-01,6.360134969774096092e-01,-1.041834447642457917e+00,9.811725977383812802e-01,1.723950715488632712e-02,9.651966140176910791e-01,6.229780461243843437e-01,-2.835989699602182723e-01,0.000000000000000000e+00
9.987130000934923979e-01,9.231840137233341403e-01,4.134123641635054081e-01,6.801452882163769864e-01,-7.664147518754144128e-01,7.786058398542362591e-01,7.689671433851741345e-02,9.926802930179939866e-01,7.352432116980958110e-01,-2.571935687591979103e-01,0.000000000000000000e+00
9.975156239253143431e-01,8.789462711973730080e-01,3.048599845069960290e-01,6.280621220084384726e-01,-3.787329080889857424e-01,9.383751962528066315e-01,1.265358734628638793e-01,9.992810283033812802e-01,9.180610216534488277e-01,-2.298992141083014973e-01,0.000000000000000000e+00
9.697095162948425884e-01,9.828136439712542582e-01,5.255598545182372794e-01,7.319312176602618125e-01,-1.108103392772246343e+00,-1.005181349230634541e-01,5.255236308035477616e-02,9.670788318697799424e-01,4.599882072494763108e-01,-2.783732313724374130e-01,0.000000000000000000e+00
9.985338152610422346e-01,8.896283830657015779e-01,3.662343912534006263e-01,6.371429406043793708e-01,-6.386128293564449221e-01,6.551566628902594225e-01,8.826122828022266165e-02,9.957251156664526093e-01,8.385235300454120244e-01,-2.519729097216742431e-01,0.000000000000000000e+00
9.863863909362436955e-01,9.646987592567162206e-01,4.067317049441145915e-01,7.158333213289895802e-01,-6.473338566716162479e-01,5.201107787828650464e-01,1.220167394845190489e-01,9.980997914490877809e-01,7.625479741032994419e-01,-2.437326389709879026e-01,0.000000000000000000e+00
9.122494742607861751e-01,9.991227798793849146e-01,5.795293883002328172e-01,7.810988239874987471e-01,-1.200035998174244778e+00,-7.613126231079924144e-01,7.103757280297895438e-02,9.600073122670182979e-01,2.815981070001229436e-01,-2.796491005884806369e-01,0.000000000000000000e+00
8.575187681685135788e-01,9.757321039026102261e-01,4.889196093229977169e-01,8.258536120504365030e-01,-6.918685057782477665e-01,9.844145178697232268e-01,1.779779948080385810e-01,9.996965184467296872e-01,4.827259995323106012e-01,-2.319503586065904677e-01,0.000000000000000000e+00
8.398690870011532583e-01,6.833264188859209387e-01,2.622515692525752007e-01,4.073587713444427050e-01,-5.459972775736129380e-01,-7.773326040253942804e-01,2.819726105607089917e-02,9.879950391394799469e-01,9.579886010623114290e-01,-2.676194054666964917e-01,0.000000000000000000e+00
9.956235596548089761e-01,8.853736143358064137e-01,2.823996630218477133e-01,6.065330635820120886e-01,-3.028508845252065873e-01,-9.988468873457126973e-01,1.476690432781088136e-01,9.990849492927176279e-01,9.593559457402960344e-01,-2.266674117895754459e-01,0.000000000000000000e+00
9.946423353039824944e-01,8.840178238136405797e-01,2.794833150672775823e-01,6.012496997921800146e-01,-2.977787557226515558e-01,9.001083536929896933e-01,1.485360119271640356e-01,9.992335857289622592e-01,9.639031224077331261e-01,-2.270396943905912401e-01,0.000000000000000000e+00
9.149445482119424877e-01,7.625504602183188485e-01,2.087574090278450090e-01,4.729264672743022646e-01,-2.022913308040382163e-01,-2.882647393483518394e-01,1.141875037646860463e-01,9.996593522889626326e-01,9.966682423461121765e-01,-2.329482673716576913e-01,0.000000000000000000e+00
9.248897189473634928e-01,7.765041686569743584e-01,2.901525725863640104e-01,4.839136325625467694e-01,-5.468116402373760510e-01,7.266160077714968191e-01,6.115983556722581760e-02,9.905306881713432654e-01,9.507990699284540881e-01,-2.613040700057001064e-01,0.000000000000000000e+00
5.048331947708499801e-01,4.988475613789789542e-01,9.492204411013401011e-02,1.783772641945803872e-01,-9.966769084080626118e-02,6.791750918163346196e-01,2.681841363631296687e-02,9.993317593045975000e-01,9.895559649125564849e-01,-2.518253838306668824e-01,0.000000000000000000e+00
8.520779343107909298e-01,7.159574822100819302e-01,1.007421738358589836e-01,3.928236760549100870e-01,1.557735367989059316e-01,-5.875670691032068849e-01,1.589814349756352718e-01,9.835732353388423332e-01,9.706441839944542904e-01,-2.069479068522986354e-01,0.000000000000000000e+00
7.284063029436289582e-01,6.338024135114794788e-01,9.441194854725148966e-02,3.089120288117815361e-01,7.579054281091984757e-02,-8.733758074708877217e-01,1.065951368620246809e-01,9.956667574684368027e-01,9.745771683005438613e-01,-2.249139765085406417e-01,0.000000000000000000e+00
8.500771666713556607e-03,2.735364274206016910e-01,-7.758804864044677174e-03,-8.628160243231712545e-02,3.557690038423737267e-02,-9.791955894882965472e-01,-4.252886187679208452e-02,9.980609249421690254e-01,9.414206398902622563e-01,-2.633554095185740573e-01,0.000000000000000000e+00
2.241539977279716767e-01,3.807226143857962430e-01,4.179343154134235877e-02,2.045477154846859005e-02,-5.139275284103472785e-02,-7.224145003598356762e-01,-1.985030938341601769e-02,9.975408916952146487e-01,9.676987085097479291e-01,-2.618237166952149808e-01,0.000000000000000000e+00
3.535408568517633965e-01,4.467421542297645987e-01,1.474227743069025931e-01,8.337467861734496055e-02,-4.346951443387414571e-01,2.505115843841118073e-01,-6.177785641931882177e-02,9.723035503491522791e-01,9.996783425162599768e-01,-2.890407603698992856e-01,0.000000000000000000e+00
-4.722135997369911881e-02,2.592972243353811601e-01,-1.442298484590543578e-02,-1.180141679042493036e-01,3.040387016037150725e-02,-9.145589803673405127e-01,-5.665006588333857535e-02,9.970586643568972729e-01,9.338260229975110516e-01,-2.669245116517025562e-01,0.000000000000000000e+00
-4.972283258042579229e-02,2.622823284385420450e-01,-9.938723286079166608e-02,-1.209218212032210638e-01,4.069537544237192828e-01,-8.452479955016554136e-01,5.177744068715951081e-03,9.948485215333326970e-01,8.106263505589865748e-01,-2.355687092965463580e-01,0.000000000000000000e+00
-3.761613918447745397e-01,9.435035064638341851e-02,-6.918224370425010705e-02,-2.815451373242914279e-01,6.271932952054357080e-02,-4.406989757412878017e-01,-1.156375560258523227e-01,9.932242791235594837e-01,8.957563231097068757e-01,-2.789223645068467095e-01,0.000000000000000000e+00
-1.325502210351607868e-01,2.296599413338120121e-01,-3.836013605310993613e-02,-1.644910496992128268e-01,8.376452669491901704e-02,-7.713383910885840411e-01,-6.701365384828913974e-02,9.977271664296719633e-01,9.079941350698577107e-01,-2.668256183899566647e-01,0.000000000000000000e+00
-9.667164806972840252e-02,2.517870629225543166e-01,-1.215974441331882511e-01,-1.481188731261360580e-01,4.749527509738726283e-01,-7.323278595370211752e-01,4.575176684742117417e-03,9.922426881359684980e-01,7.672403870503079482e-01,-2.324823419844955774e-01,0.000000000000000000e+00
-1.677497516947377976e-01,2.207519075965878319e-01,-1.963159076790684798e-01,-1.797082261518472557e-01,7.389925988391781164e-01,-5.224831770583322488e-01,3.820915361713930758e-02,9.686623971725304427e-01,6.127663221579215946e-01,-2.115026522635669870e-01,0.000000000000000000e+00
-6.487453264455381174e-02,2.774298395112532178e-01,-6.825316495507123549e-02,-1.368448104544358612e-01,2.605232495889884814e-01,-8.108745886801095315e-01,-2.914278758834547636e-02,9.997268709674744791e-01,8.494105652075727431e-01,-2.501390299237467585e-01,0.000000000000000000e+00
-2.312882400506034997e-01,1.973517864457282056e-01,-1.070634655734169494e-01,-2.212143887658334640e-01,3.283036625405494346e-01,-5.214610634731370320e-01,-5.114853482255639350e-02,9.995563027893682451e-01,8.035614451755915821e-01,-2.517296244540611072e-01,0.000000000000000000e+00
-1.786817622636334424e-01,2.291641366255481871e-01,-5.641522615934847773e-02,-1.952147220848416409e-01,1.347820072083107390e-01,-6.461403159974634658e-01,-7.471956180704887596e-02,9.985079865464986382e-01,8.759438981494661602e-01,-2.659376597021869681e-01,0.000000000000000000e+00
1.466664606137726111e-02,3.286977615830322663e-01,-1.238017103723542400e-01,-9.999829553759027878e-02,5.447001289874987551e-01,-8.566394872850627840e-01,3.228050424770293608e-02,9.849560868447724271e-01,7.256836856571279304e-01,-2.226782182665757448e-01,0.000000000000000000e+00
1.147167844582162588e-01,3.807932490049114604e-01,-5.700043340857498253e-02,-5.339821064810953283e-02,3.195363996037133836e-01,-9.909928097180908946e-01,1.074556847052272369e-02,9.972490726798978189e-01,8.317214988921451946e-01,-2.386667421839835934e-01,0.000000000000000000e+00
-1.086074575700807926e-01,2.785347130816140937e-01,-1.421890875061285198e-01,-1.644774243645321377e-01,5.548842490602913236e-01,-6.215172110333914146e-01,6.122968389958835522e-03,9.878478346987001890e-01,6.999776852568367902e-01,-2.280135074432262932e-01,0.000000000000000000e+00
2.155530236371823727e-01,4.367263989084194109e-01,-9.472855868503464449e-02,-5.649789399684486575e-03,5.289517876730959189e-01,-9.804350527520310221e-01,6.753577357836068606e-02,9.806907852539390458e-01,7.379260749795475416e-01,-2.155530973155718177e-01,0.000000000000000000e+00
-1.431521681325609585e-01,2.713633231411932689e-01,-8.389004011917328141e-02,-1.869407180621700804e-01,2.805272562926033331e-01,-6.149337743743316098e-01,-5.157512436487072388e-02,9.998880526011800773e-01,8.114297338662422865e-01,-2.538125068181516508e-01,0.000000000000000000e+00
-3.468679410929401824e-02,3.290004437986898123e-01,-4.889105309457165982e-02,-1.345822428161043416e-01,1.919414847247669642e-01,-8.033483543532348170e-01,-4.593039930680958838e-02,9.999174768233822785e-01,8.520910048627551303e-01,-2.569899626022336681e-01,0.000000000000000000e+00
1.276238132061107977e-01,4.094990922648068521e-01,5.721985037308640470e-02,-5.397762260995805222e-02,-1.812399748007119393e-01,-9.999609794802869489e-01,-7.687834420623292087e-02,9.856420551319831080e-01,9.619837812096424523e-01,-2.818371628868758805e-01,0.000000000000000000e+00
2.124726637739098034e-01,4.521845396081038970e-01,-3.962815213112740043e-02,-1.361820263241690643e-02,3.019552169209595571e-01,-9.834936092343495861e-01,2.129542119197498987e-02,9.973797567592566082e-01,8.281415378561767238e-01,-2.377010391925782895e-01,0.000000000000000000e+00
4.206489187035635791e-01,5.518962661143540505e-01,4.794288838341650982e-02,9.451467642378909295e-02,4.914498182052931541e-02,1.291573534486211150e-01,2.273969357628903218e-02,9.997817136056218468e-01,9.237572704588465911e-01,-2.501875549216458494e-01,0.000000000000000000e+00
3.110149161599958245e-01,5.059138573926930116e-01,-9.520284482265443937e-02,3.260217749283852301e-02,5.742627773210047248e-01,-8.316369373765327699e-01,9.261143557095419254e-02,9.730631751350056202e-01,6.951060769098454939e-01,-2.078886513321707152e-01,0.000000000000000000e+00
2.850025181959693898e-01,4.991068659645639394e-01,2.193164361591084036e-02,1.847305055581413211e-02,7.549951700451948411e-02,-8.380925276758183218e-01,-4.858239549920192156e-03,9.995234606471046224e-01,9.015218536284811401e-01,-2.547573206911589172e-01,0.000000000000000000e+00
3.372436282005023545e-01,5.268655149386550773e-01,1.425386896056785035e-03,4.428615939952149083e-02,1.997217681596305805e-01,-6.610189070082308493e-01,2.689492267572714257e-02,9.994068721392638244e-01,8.636034646464402220e-01,-2.422074048308405780e-01,0.000000000000000000e+00
7.890338674357748605e-01,7.543025413444766070e-01,1.775904519737261933e-01,3.193835758836705563e-01,-2.309696704594123851e-01,-2.735469024828103279e-01,7.391664679588622056e-02,9.950051613407526752e-01,9.902774499333637515e-01,-2.546822157846494461e-01,0.000000000000000000e+00
7.714465873177508426e-01,7.473674041847593319e-01,1.274423583856334752e-01,3.037160537696786955e-01,-2.761146400861430594e-02,-7.495272222129023554e-01,1.024498186157027368e-01,9.999658168148727322e-01,9.581647905858724501e-01,-2.389434794405871088e-01,0.000000000000000000e+00
7.744590652359304439e-01,7.526464787917925836e-01,6.285715779864008146e-02,2.961727347611305960e-01,2.378560964964070990e-01,-7.183348355560825738e-01,1.523700585317908363e-01,9.916402862718655120e-01,8.806996794458148425e-01,-2.145984418627005508e-01,0.000000000000000000e+00
9.183392255108484559e-01,8.516548074012542102e-01,2.717163549587134908e-01,4.293749928173540287e-01,-4.849609828604509731e-01,-9.527563722929905943e-01,8.702630353650606110e-02,9.807689502209162580e-01,9.973347884420958875e-01,-2.659062609893217410e-01,0.000000000000000000e+00
9.774043352445326294e-01,9.965838836353017038e-01,3.847009857617930684e-01,6.851062522394918419e-01,-5.391947942576231778e-01,-9.609538203887421637e-02,2.139411865937901613e-01,9.888118084129478014e-01,9.363177458637549355e-01,-2.435771227893462065e-01,0.000000000000000000e+00
9.896266964076025907e-01,9.900693100263303625e-01,3.788839503806484821e-01,6.584304518808536955e-01,-5.672321266811539697e-01,-4.597233596640907249e-01,1.956997088749964087e-01,9.845974846924904211e-01,9.461806623945890893e-01,-2.493438089258093182e-01,0.000000000000000000e+00
9.999984314306072930e-01,9.677242842656639255e-01,2.165134035370080701e-01,5.739173476962194931e-01,-1.566424373958708038e-03,-9.876175916206710870e-01,2.691476997499083756e-01,9.951290274516475520e-01,9.860577452098909790e-01,-2.041371257243672077e-01,0.000000000000000000e+00
9.896680369063511895e-01,9.913178976956849020e-01,2.517741487663768818e-01,6.231859610657689563e-01,-5.653427453532600122e-02,-5.737840405704162927e-02,2.938789092238097145e-01,9.962011443057423588e-01,9.973451327131745980e-01,-2.024822112183808087e-01,0.000000000000000000e+00
9.971264101436795313e-01,9.830377986049949612e-01,2.885526527822789844e-01,6.186642042760591709e-01,-2.316646992969371155e-01,6.193475715748161248e-01,2.437468799211667536e-01,9.995302294385877140e-01,9.994953110467135193e-01,-2.241082956870722731e-01,0.000000000000000000e+00
9.094903816865960167e-01,9.868334072661077983e-01,4.240601079170476795e-01,7.506093932743674868e-01,-5.456972420154140302e-01,9.508457319178935663e-01,2.710325010590117767e-01,9.888748896036559932e-01,8.939880208333471634e-01,-2.360213008377847477e-01,0.000000000000000000e+00
9.945711954380686004e-01,9.886335504956270670e-01,4.594437128642638868e-01,6.134173455726504853e-01,-9.604606040955643298e-01,-6.215266776188251852e-01,1.283426271642551797e-01,9.255813324207602388e-01,8.627243510682093275e-01,-2.859523191497193584e-01,0.000000000000000000e+00
9.065841461443202576e-01,9.843839032622690999e-01,4.771274674628743218e-01,7.512721655051985969e-01,-7.755761078652806395e-01,9.160636828213442051e-01,2.372915111878159955e-01,9.645125093549836715e-01,8.205770093792552622e-01,-2.558640952381305844e-01,0.000000000000000000e+00
7.683680119278957221e-01,8.622197881795511387e-01,5.056258782039397826e-01,8.281119660093074764e-01,-6.770423093822908189e-01,9.993940314133035185e-01,3.161234574540894848e-01,9.808508292811100038e-01,7.007275075674493925e-01,-2.361246142934502468e-01,0.000000000000000000e+00
9.814934391848412210e-01,9.981395404011788042e-01,2.664408778798622590e-01,6.357371438655433638e-01,-8.394369588637318191e-02,-8.437454993695867600e-01,3.089736451947138196e-01,9.986526739515275697e-01,9.970331745930920420e-01,-2.050021914488090735e-01,0.000000000000000000e+00
9.788204045433585021e-01,9.990364737572494658e-01,4.393449475561821971e-01,6.603235951496930767e-01,-7.969298755230479481e-01,-1.035698356105547724e-01,1.858006161815057566e-01,9.508796223983919660e-01,9.061469005067519511e-01,-2.688137058269697288e-01,0.000000000000000000e+00
9.120011862279343573e-01,9.844599185193531055e-01,4.878113856082867406e-01,7.382359932350464060e-01,-8.388486090779679882e-01,-2.755224995628077211e-01,2.316842683470733688e-01,9.504062212776951402e-01,8.250085150271277978e-01,-2.629645454917745595e-01,0.000000000000000000e+00
9.947695050095561875e-01,9.609760503368468543e-01,2.694150442882621843e-01,5.408870197955166770e-01,-2.709791173378252593e-01,-6.654524044430661922e-01,2.026748392586556202e-01,9.946450692187857046e-01,9.971239016631144869e-01,-2.388830886818284205e-01,0.000000000000000000e+00
9.999195910581146762e-01,9.780393127702143863e-01,3.518113333461745373e-01,5.753104621917974892e-01,-5.720192912358557091e-01,9.249639901144723897e-01,1.744090801531048562e-01,9.708745558084906913e-01,9.879032129332906420e-01,-2.607178658489709422e-01,0.000000000000000000e+00
9.976169511157206848e-01,9.898886315391762780e-01,2.910081957964492649e-01,6.041105782912127298e-01,-2.498748608594321130e-01,-7.332474729300584304e-01,2.510627848569516596e-01,9.967775682950696936e-01,9.992370937793403352e-01,-2.295370288672228809e-01,0.000000000000000000e+00
9.203168430036535730e-01,9.859190464534283160e-01,3.320942439407219005e-01,7.052227081133352060e-01,-2.062133316310280629e-01,-8.258302001806264725e-01,3.470868526688554723e-01,9.998958440195070407e-01,9.957424523071233269e-01,-2.084226018406086789e-01,0.000000000000000000e+00
8.323229271446971334e-01,8.478373224027957455e-01,2.733693241534854712e-01,3.036266264978200735e-01,-6.134658108779218466e-01,-6.549562429107999018e-01,2.581811630445741967e-02,9.464828146749247884e-01,9.999629429761697219e-01,-2.909763456496946010e-01,0.000000000000000000e+00
5.892553055152369712e-01,7.374254550404073516e-01,1.324996084433848198e-01,1.417548570792059870e-01,-2.103557878969852524e-01,8.914878603802051105e-01,3.970424968160593537e-03,9.855821163578577515e-01,9.367336025296226776e-01,-2.725088726006402173e-01,0.000000000000000000e+00
9.018940017155090416e-01,8.916004601919969019e-01,1.041198489090333079e-01,3.687011555755648207e-01,1.965464696327698380e-01,5.974418259913047979e-01,2.038747862447033155e-01,9.964156158023098619e-01,8.466264043553112240e-01,-2.141168959863217758e-01,0.000000000000000000e+00
9.048785670580676843e-01,8.960249815590021205e-01,2.423102609779053673e-01,3.784865797165792300e-01,-3.808232862874261770e-01,9.697425092459666107e-01,1.028661916837968482e-01,9.780991089894275348e-01,9.882671897949963924e-01,-2.656455174853936119e-01,0.000000000000000000e+00
5.548481282700646888e-01,7.337042609383901404e-01,2.779347055795821503e-02,1.170612351676338647e-01,2.268211429192211748e-01,3.193634704094547305e-01,6.486194811580131558e-02,9.995240151999036371e-01,7.771338838179875363e-01,-2.382292870351412351e-01,0.000000000000000000e+00
5.505820543985978643e-01,7.355183539437475382e-01,8.889805619006121984e-02,1.127564380447025061e-01,-4.431611592212338080e-02,3.160278928859758807e-01,1.628271660789149325e-02,9.947547166262999951e-01,8.765394955388202680e-01,-2.619630327822825011e-01,0.000000000000000000e+00
5.033128724757480743e-01,7.195439679494718410e-01,-4.326783283974774269e-02,8.183216027285430960e-02,4.802117762912167520e-01,-4.071494789146212767e-01,9.413966198116516249e-02,9.878379062674689237e-01,6.278201908954167410e-01,-2.179595668546899234e-01,0.000000000000000000e+00
5.629286225659528575e-02,5.411614232170661731e-01,-1.145499292130267022e-01,-1.521305647954293849e-01,5.312943020763026825e-01,-4.748886894257107749e-01,-2.746558807345926903e-02,9.919203041534624399e-01,5.450909109817270171e-01,-2.357024566712336011e-01,0.000000000000000000e+00
-1.339213031487370420e-01,4.593660939433377166e-01,-1.378873258311725247e-01,-2.477036000080906630e-01,5.209979547849991066e-01,-1.150052015225525304e-01,-8.265694204660424538e-02,9.946664041967134828e-01,5.191595705943813366e-01,-2.450372433151815077e-01,0.000000000000000000e+00
1.724870726846601532e-01,5.978257360716502378e-01,8.225055236904268985e-03,-9.689185077522120826e-02,6.192366089516850025e-02,-8.116672159299825884e-01,-7.926068745984282682e-02,9.958525559428218488e-01,7.867529061070949181e-01,-2.714292748090589291e-01,0.000000000000000000e+00
3.967474614501658725e-01,6.909037465029463920e-01,6.636323359231012520e-02,1.753707372410815563e-02,-5.295700503468755982e-02,-9.231909504081105000e-01,-3.651537048403802332e-02,9.918462121496182116e-01,8.502431695293700686e-01,-2.715617295811428855e-01,0.000000000000000000e+00
1.335070708976384690e-01,5.888282165432114912e-01,-1.281603710496186932e-01,-1.186493899093210291e-01,6.262421509873268288e-01,-5.696077720977311687e-01,5.424231852937340392e-03,9.834257923737359519e-01,4.747212626315573392e-01,-2.244973469900038709e-01,0.000000000000000000e+00
6.394920382192713360e-02,5.639299463127205314e-01,-8.010282982221743342e-02,-1.568377902362677878e-01,3.881537378896454671e-01,-4.772708039350774811e-01,-5.875168772933667127e-02,9.985866747011847844e-01,6.055571566143616025e-01,-2.493555277278467208e-01,0.000000000000000000e+00
-2.427524605364990984e-01,4.257736225415735265e-01,-1.594294757221734193e-01,-3.085235398216218949e-01,5.466257253119510828e-01,9.484772712799729999e-02,-1.185681460410882432e-01,9.945535374563274633e-01,4.603177726888610932e-01,-2.487371469738193508e-01,0.000000000000000000e+00
-1.281837360810299253e-02,5.383584333781292752e-01,-5.727264912206436742e-02,-1.964180074690337063e-01,2.385968170112853226e-01,-3.507767815415703261e-01,-1.084133021941557778e-01,9.996792108795138354e-01,6.645218006733386584e-01,-2.656254839014268732e-01,0.000000000000000000e+00
-1.513505233470039402e-01,4.786629984276518646e-01,-1.769941358475368154e-01,-2.651267702679986349e-01,6.760203520613370376e-01,3.646345641122618331e-02,-7.360220576162204709e-02,9.845267429326550745e-01,3.843824769611908221e-01,-2.339508473517943887e-01,0.000000000000000000e+00
-2.565998168818345859e-01,4.303801270294371206e-01,-2.346528854852509560e-01,-3.142591897453534400e-01,8.498172897448844632e-01,2.455954267636336619e-01,-7.396655754876751976e-02,9.670400732932343812e-01,2.366000984843247279e-01,-2.226689707175757427e-01,0.000000000000000000e+00
-3.130030894248199136e-01,4.045685444696408006e-01,-1.025107698862801897e-01,-3.418423264482226553e-01,2.441099603838017829e-01,1.093714006393047833e-01,-1.982724266698427940e-01,9.989391776577574156e-01,6.000557339886737340e-01,-2.780511778139775347e-01,0.000000000000000000e+00
-9.132619513663594105e-03,5.546760441975361333e-01,-9.082235529292943810e-02,-2.015503004070608728e-01,3.903803264347182056e-01,-2.668525234820177117e-01,-8.877728361387485223e-02,9.989898306903662872e-01,5.681236288608011442e-01,-2.537843960754626038e-01,0.000000000000000000e+00
-1.934029411160636536e-01,4.737066730361625955e-01,-1.532089306939036777e-01,-2.929061486974970374e-01,5.500563849602559952e-01,8.760671480424313262e-02,-1.160094114721505476e-01,9.941542693254572516e-01,4.387369782380104999e-01,-2.479382950557029452e-01,0.000000000000000000e+00
-7.239326619446960487e-02,5.341988929900792771e-01,-1.654046326865822591e-01,-2.337757249241768087e-01,6.715206391004531206e-01,-3.694328064162530345e-02,-6.111950690379679835e-02,9.840656561514471434e-01,3.750867019985031914e-01,-2.322485179795240606e-01,0.000000000000000000e+00
-6.736863041892583726e-02,5.404817609424414915e-01,-2.021352849002555907e-01,-2.291566962539784702e-01,8.162160880564148790e-01,2.206391890345426807e-02,-3.364114032608778865e-02,9.668359620268707211e-01,2.631599621549020052e-01,-2.182921033490207718e-01,0.000000000000000000e+00
2.376844830680492349e-01,6.699835836081223794e-01,-3.276770339381374769e-02,-8.468099914842533438e-02,2.857119148759568183e-01,-7.744992730985902352e-01,-4.197769920686223594e-02,9.999597017201752314e-01,6.408249517275931284e-01,-2.535565356911544388e-01,0.000000000000000000e+00
1.617875882896648576e-01,6.439798241252696620e-01,-1.812147911888087326e-02,-1.239554637146426247e-01,1.724066166378849241e-01,-6.244830903506560782e-01,-8.500338054053224734e-02,9.987122905275239715e-01,6.840612636846774564e-01,-2.665481856550571127e-01,0.000000000000000000e+00
5.334711090452229909e-01,7.863990373340055129e-01,6.020966991675084923e-02,7.332219840169260094e-02,6.993010431881037381e-02,-5.169194540339973054e-01,1.298253258015717379e-02,9.971407924776241050e-01,7.729480884524625450e-01,-2.587350164081448356e-01,0.000000000000000000e+00
7.059106647269417500e-01,8.532608016986807931e-01,1.595366441044228367e-01,1.785900760819713051e-01,-2.373993410117280212e-01,8.651576416899708910e-01,2.528095812117724106e-02,9.781644922060703795e-01,9.011706380388130322e-01,-2.752121474124918366e-01,0.000000000000000000e+00
6.731594824469883109e-01,8.433737578132504131e-01,1.164375835397150338e-01,1.568573762113658898e-01,-7.233395976522373483e-02,9.610554088103178128e-01,3.886716329243643242e-02,9.908418548175974561e-01,8.403833450682205441e-01,-2.636854744160419539e-01,0.000000000000000000e+00
6.309133240255598851e-01,8.304371517103886768e-01,7.588925076273692061e-02,1.283493651866502439e-01,7.356873186575269008e-02,4.703949035768338893e-01,4.615829997334773560e-02,9.975039766992094270e-01,7.733584226079850410e-01,-2.541167298771366823e-01,0.000000000000000000e+00
9.022190857262094577e-01,9.391119552315694285e-01,1.060092455128044675e-01,3.355992543415408647e-01,1.927073009641129819e-01,2.929330967927646356e-01,2.010469237171417234e-01,9.997551173247102296e-01,7.619618874321224533e-01,-2.226103797212562185e-01,0.000000000000000000e+00
9.753226364213924970e-01,9.773876066419537878e-01,1.672184716707904584e-01,4.355989399257469419e-01,6.955828125781932103e-02,-9.778341386374490574e-01,2.460620310954803325e-01,9.996080629871483270e-01,8.417916189482591571e-01,-2.232960323483901000e-01,0.000000000000000000e+00
9.365096262526997339e-01,9.585178790940518390e-01,2.354231428259819237e-01,3.764189518437294768e-01,-3.014670362518946378e-01,1.777484398327474902e-01,1.393555012244053759e-01,9.745842136876927686e-01,9.402892954414290294e-01,-2.630913592193943051e-01,0.000000000000000000e+00
7.731137922624581327e-01,8.936982219102941327e-01,7.519900581977197185e-02,2.191002768748582241e-01,1.921510416809497357e-01,-3.322098103103684474e-01,1.246187827383118396e-01,9.999822277279604155e-01,7.227452671741518841e-01,-2.359025551357259720e-01,0.000000000000000000e+00
9.327671852861502133e-01,9.703152432654651438e-01,3.698081999524796548e-01,6.789837826089192285e-01,-3.881299564909032607e-01,9.125000766954087794e-01,3.427498629530385532e-01,9.729902347754775249e-01,9.996252045979551193e-01,-2.364639141897892649e-01,0.000000000000000000e+00
9.947192002417444279e-01,9.996093866157620411e-01,1.930481483633755824e-01,5.463025309175468802e-01,1.208603333408900804e-01,-9.516397460491268223e-01,3.635417222223745748e-01,9.994901987320943260e-01,8.437360523230266196e-01,-2.000171445687468907e-01,0.000000000000000000e+00
9.964404931550741029e-01,9.998016907553954891e-01,2.775902969363086004e-01,5.638630380555079702e-01,-1.956813631840386702e-01,-1.291449588901245615e-01,2.930776792495090599e-01,9.869931356903003383e-01,9.505479935219108834e-01,-2.341560369153803389e-01,0.000000000000000000e+00
9.996296597506709736e-01,9.998693537471977644e-01,1.733183525900155453e-01,5.145640181973910599e-01,1.564013234793466545e-01,7.937897628681184203e-01,3.476233560216869245e-01,9.993272442284589774e-01,8.053501005614226438e-01,-2.015434482844657149e-01,0.000000000000000000e+00
9.016792024196687017e-01,9.437357437617994727e-01,3.756863212630154325e-01,6.995080651782575876e-01,-3.599510035250841899e-01,-4.692165735925616366e-01,3.769638910763589701e-01,9.735853568521835033e-01,9.992620756815796534e-01,-2.312338143532710333e-01,0.000000000000000000e+00
9.187414526870654186e-01,9.548711223438390849e-01,4.764658009295591468e-01,6.715172960522336476e-01,-8.342740553435198381e-01,-5.509101326491148143e-01,2.846316166318385577e-01,8.947080231076188772e-01,9.682821632545259849e-01,-2.741542165151281130e-01,0.000000000000000000e+00
9.164530371010340959e-01,9.520824890474054447e-01,3.898660683950694872e-01,6.866280124483804537e-01,-4.460127675893137966e-01,-8.706466019865398698e-01,3.530805340727341535e-01,9.601357728056402197e-01,9.998805667653309914e-01,-2.413372053233987236e-01,0.000000000000000000e+00
9.649246232772050735e-01,9.827425963727980385e-01,3.670119581226898298e-01,6.300334704243899520e-01,-4.552016094018624948e-01,6.683217441441812179e-01,3.075433093946686181e-01,9.559116976149235612e-01,9.953529598915235033e-01,-2.496452555041872579e-01,0.000000000000000000e+00
7.246657360135488890e-01,7.548627530444855793e-01,6.060617141011177544e-01,7.701419218454522708e-01,-1.117490834493493512e+00,-1.298893284503223056e-01,3.479742025463953836e-01,8.296893905335148700e-01,7.637535774242942832e-01,-2.817526251581872199e-01,0.000000000000000000e+00
9.119277130291072453e-01,9.448809518181855438e-01,4.718617576908260003e-01,6.739350898294140801e-01,-8.031095089081138338e-01,-7.809201767506613878e-01,2.996025439544752755e-01,8.951000074499481096e-01,9.783802598190952660e-01,-2.718526107875011144e-01,0.000000000000000000e+00
8.807894059576695245e-01,9.186645781081828055e-01,5.377696934820995756e-01,6.762372458986986024e-01,-1.040622826053991368e+00,-4.504650453677107036e-01,2.823784780072608469e-01,8.393718285028357595e-01,9.176328526921255779e-01,-2.887698760879061077e-01,0.000000000000000000e+00
8.801716886076454971e-01,9.167868785461079639e-01,4.120732338378069737e-01,7.097223261741197886e-01,-4.823989513274704044e-01,-4.589016149869053485e-01,3.782199224371865509e-01,9.506211045997466913e-01,9.997908520545001343e-01,-2.417592810981029905e-01,0.000000000000000000e+00
9.640391889789303725e-01,9.778771281444984531e-01,4.100303387925328669e-01,6.169730108466154883e-01,-6.473091670819991483e-01,5.534568333872410539e-01,2.805433601612978278e-01,9.192489176995501943e-01,9.999922727837771141e-01,-2.670989187138558818e-01,0.000000000000000000e+00
9.999067789049124189e-01,9.999808952321272981e-01,1.960935124118148853e-01,4.967945571567711771e-01,6.482753734943869084e-02,-9.542330408737770275e-01,3.167400874271639744e-01,9.981285913239319463e-01,8.076188110771250761e-01,-2.180334127834065439e-01,0.000000000000000000e+00
9.849274357579078654e-01,9.958452623409386195e-01,2.540742863577081234e-01,4.331375452299605633e-01,-2.664137443239560921e-01,-1.379633207821394369e-01,2.028674869655844593e-01,9.703753113982078737e-01,9.052997807347947790e-01,-2.570375715229696323e-01,0.000000000000000000e+00
9.952439697688505449e-01,9.956326165675593032e-01,3.087254701502800680e-01,5.503590129835033151e-01,-3.236413524524643925e-01,9.639735973749205544e-02,2.822092244401030459e-01,9.647793851789534525e-01,9.494331867644711931e-01,-2.490238858530563482e-01,0.000000000000000000e+00
7.934775360953947310e-01,9.392776483594287296e-01,1.384546225567442057e-01,2.028352142625145793e-01,-6.175823973741162431e-02,4.085403546704057254e-01,7.701589346837031669e-02,9.866856475298558804e-01,7.663116525976594318e-01,-2.627320882216129250e-01,0.000000000000000000e+00
9.850138954241204337e-01,9.971037188659205297e-01,2.951531706031589319e-01,4.225800853182083983e-01,-4.507797599387541876e-01,7.828176131993249687e-01,1.721984724216126250e-01,9.433694919190471762e-01,9.446443074873190904e-01,-2.733929761085140964e-01,0.000000000000000000e+00
8.306216068571143918e-01,9.532348314390308719e-01,-2.716818233742340771e-03,2.204966918047279179e-01,5.163653751782367740e-01,-6.059494562114725591e-01,2.096263006294334930e-01,9.879047854173306220e-01,4.067234549584587411e-01,-2.041527687983606676e-01,0.000000000000000000e+00
9.686012203411913379e-01,9.936694891578823352e-01,1.349031636828960934e-01,3.844685917250405538e-01,1.783846473055721860e-01,-9.998185328544684225e-01,2.573264268019257450e-01,9.995428410876618930e-01,6.853287808735094577e-01,-2.220515929901772101e-01,0.000000000000000000e+00
8.111424972160659053e-01,9.513885292583172948e-01,3.231081024539689261e-02,2.070757111155994978e-01,3.904393858770984771e-01,2.967401397978143285e-01,1.663040222053771833e-01,9.979225099698109114e-01,4.974819088650832000e-01,-2.214280702313710103e-01,0.000000000000000000e+00
5.327960757441019268e-01,8.762872400825807429e-01,5.170175349932759623e-02,1.845427670043777585e-02,1.050950722731386483e-01,-9.970255226117341607e-01,-2.206958022970521155e-02,9.951693974928291775e-01,6.188358413533825431e-01,-2.659026584144427163e-01,0.000000000000000000e+00
6.524820396935100408e-01,9.117147190215231234e-01,2.608327300970922358e-02,9.126193308315581898e-02,3.028466740217807263e-01,-5.006906712604712872e-01,6.306064800807141546e-02,9.999996607896658452e-01,5.207775452667572358e-01,-2.424818791896157233e-01,0.000000000000000000e+00
5.490944089877397571e-01,8.855002270827617705e-01,4.510522642880822330e-02,2.490660388719478230e-02,1.462000234448274372e-01,-9.919960966398900792e-01,-1.117286977718395455e-02,9.967641030356160226e-01,5.900561753862981762e-01,-2.622177585135350708e-01,0.000000000000000000e+00
1.252462051711036584e-01,7.588232486752253259e-01,-1.215557472981912551e-01,-2.027484296914298378e-01,5.994467879569241875e-01,5.568524047427635820e-02,-9.478167743043371118e-02,9.911828627485951282e-01,2.354505566160419450e-01,-2.422249883779362678e-01,0.000000000000000000e+00
2.314708706432184182e-01,7.967847160930683348e-01,-1.437451338948433355e-01,-1.490800334219526957e-01,7.385109543804466714e-01,-1.087190953474977406e-01,-3.090676048144755383e-02,9.774376317051228780e-01,1.385448333738510951e-01,-2.242745882455592921e-01,0.000000000000000000e+00
3.492566886227050360e-01,8.358244192952908325e-01,7.901966945562605149e-02,-8.722241857564373702e-02,-1.440227391070131313e-01,-6.787370266196959268e-01,-1.436443219555973982e-01,9.746184908838149141e-01,7.005800564931581320e-01,-2.968126580932181069e-01,0.000000000000000000e+00
-3.011446346929691487e-01,5.930721322699303855e-01,-2.297839818558076175e-01,-4.117932202822092713e-01,8.048220616286361206e-01,6.349259297205658292e-01,-2.181933146013615987e-01,9.746879940825547983e-01,-1.109603254521773427e-02,-2.419044336595506939e-01,0.000000000000000000e+00
2.064968364708412996e-01,7.968576814085915894e-01,-6.732976397003986868e-03,-1.649957037472277455e-01,1.457229326766720789e-01,-2.215727983372502152e-01,-1.509222888265069062e-01,9.961383446638751860e-01,5.161214503065548742e-01,-2.788216896273996714e-01,0.000000000000000000e+00
1.337651643230403919e-01,7.757080791942965181e-01,-2.988343446157840089e-02,-2.022193819398044601e-01,2.029176605173039216e-01,-4.175006507339174694e-02,-1.694005306609341066e-01,9.981129390061522777e-01,4.666860872279481320e-01,-2.771385133990455496e-01,0.000000000000000000e+00
1.023397866462169431e-01,7.676881178248896598e-01,-1.268738948506818731e-02,-2.153561372345693115e-01,1.055170782917585343e-01,-6.905507776514262577e-03,-1.987771007233360976e-01,9.940928908689227184e-01,5.151257287458096412e-01,-2.867264234883394880e-01,0.000000000000000000e+00
-8.728184613980785600e-02,7.007615711637401601e-01,-1.358428404264412637e-01,-3.147142701545636023e-01,5.348827474295942963e-01,4.062682958795171828e-01,-1.964920757195509071e-01,9.954200011298389716e-01,2.060927182137369806e-01,-2.580550325791895472e-01,0.000000000000000000e+00
8.289028206773313423e-02,7.661478047325599450e-01,-1.684584627043704264e-01,-2.329942637280811302e-01,7.652235761203862729e-01,2.712769562087820052e-01,-9.475979965353144296e-02,9.766461879985798289e-01,6.629106484421806722e-02,-2.305466440860853838e-01,0.000000000000000000e+00
1.875183522585630869e-01,8.033674134227249963e-01,-5.787673334745153941e-02,-1.840952008226125480e-01,3.621940151161688881e-01,-5.350557823982794725e-02,-1.305602231815615188e-01,9.999108958317211027e-01,3.595870612783216846e-01,-2.626659450186989986e-01,0.000000000000000000e+00
2.656189425096047718e-01,8.296558644211183831e-01,-4.177046359750908461e-02,-1.462524494148566834e-01,3.400946447950973783e-01,-2.291441970147148899e-01,-1.068992729796192503e-01,9.999969618646927794e-01,3.817357664282983176e-01,-2.616240396337303764e-01,0.000000000000000000e+00
2.387877142965008637e-01,8.241452723014037751e-01,2.124653248405232453e-02,-1.562299605192975782e-01,4.042673244737357563e-02,-2.501641795759111386e-01,-1.690424805542961595e-01,9.900175985505021981e-01,5.518918704984462353e-01,-2.880809456472328001e-01,0.000000000000000000e+00
5.146431288646720337e-02,7.664464031628205332e-01,-1.140890582090993977e-01,-2.556508885065919001e-01,5.248408662903482069e-01,2.725340873108387241e-01,-1.587033951644576668e-01,9.958697052638972869e-01,2.145062497439358951e-01,-2.548281598852049634e-01,0.000000000000000000e+00
4.758615825508855091e-01,8.938352969295287886e-01,-1.073229214520195762e-01,-3.698724071133950575e-02,7.127343209618308695e-01,-7.043171641711667430e-01,4.452249731177808367e-02,9.787465626780728067e-01,1.221108399158242208e-01,-2.168388396171192500e-01,0.000000000000000000e+00
3.954188372482539404e-01,8.754742206296118878e-01,-3.840920710858543308e-02,-8.441860207954611506e-02,4.065722509576321086e-01,-5.203883694901908497e-01,-5.153835437926271301e-02,9.994538065577068808e-01,3.396668553897109755e-01,-2.513229834264049667e-01,0.000000000000000000e+00
4.603796719090035849e-01,8.944785184951039581e-01,4.345053698100480311e-02,-4.934249954712802144e-02,8.898519894123917140e-02,-7.830452057572473423e-01,-8.042045294389213450e-02,9.926654200054803034e-01,5.391829569952889534e-01,-2.756585640692401640e-01,0.000000000000000000e+00
7.513764773654326712e-01,9.631003886724908147e-01,8.277101117599193481e-02,1.337579393530968497e-01,1.411782842828790963e-01,3.076795433356148690e-01,6.636162298091941025e-02,9.950853709617335507e-01,5.557637172988375562e-01,-2.554889816248607226e-01,0.000000000000000000e+00
6.367771546712681641e-01,9.399849491607973340e-01,-3.292152181210175610e-02,5.204891568873531299e-02,5.264591671903998682e-01,-9.694422086552818563e-01,7.527388574397128607e-02,9.950162752282982748e-01,2.719341438467971495e-01,-2.277154391748286710e-01,0.000000000000000000e+00
6.237802507311926981e-01,9.389600959589182727e-01,-9.076271388829221243e-02,4.073952178510514138e-02,7.135143220157297295e-01,-9.997956842849965442e-01,1.090442331660590042e-01,9.762808421750064358e-01,9.686496330142076172e-02,-2.079301117098279195e-01,0.000000000000000000e+00
7.138127493496077003e-01,9.598228858477734216e-01,9.124476459697924979e-03,1.005163482113270723e-01,4.149434754620610066e-01,-4.828424166816114305e-01,9.112611290094585481e-02,9.993021033548729060e-01,3.549324045830751784e-01,-2.342154116163755184e-01,0.000000000000000000e+00
9.453916416514686061e-01,9.989445167984628560e-01,1.959366544575358027e-01,3.147051131942195101e-01,-1.175155623424738172e-01,-9.901368940903731986e-01,1.650140473366706051e-01,9.727906514169816221e-01,7.266691398311432293e-01,-2.607179863694872868e-01,0.000000000000000000e+00
9.844384166004519487e-01,9.988660386382960388e-01,1.150390984855758220e-01,3.773866035185308165e-01,2.828029051650058356e-01,1.474687035321758100e-01,3.006745855387016886e-01,9.998386814291817526e-01,5.067647035381491749e-01,-2.146357687173879314e-01,0.000000000000000000e+00
9.772475664113390303e-01,9.994952511692797303e-01,1.400744446899671591e-01,3.648034368885907375e-01,1.793291032465910706e-01,4.800461455242686082e-01,2.633802012266777126e-01,9.963583817747643234e-01,5.709057575630586134e-01,-2.282883122962532652e-01,0.000000000000000000e+00
9.727305329422581970e-01,9.996727034803384315e-01,2.003052607067436486e-01,3.563810864025355740e-01,-7.605005140352311122e-02,-2.944353373700606125e-01,2.077599400689590647e-01,9.756314588187845471e-01,7.073296342780435175e-01,-2.533596024423607207e-01,0.000000000000000000e+00
9.507933268591078901e-01,9.243332035412064052e-01,2.704149814093763093e-01,5.880807083122062684e-01,-4.462217637433807393e-02,-1.944561373760326783e-01,4.243164464053989504e-01,9.793988444983888764e-01,7.898472725906037217e-01,-2.203465215530352461e-01,0.000000000000000000e+00
9.994512423709874804e-01,9.878064862850972627e-01,3.301710263215521524e-01,4.316492315643114530e-01,-5.212579132356768286e-01,-1.784671996335400121e-02,2.084349724495437872e-01,9.044820167513983877e-01,9.026265923621430431e-01,-2.816104081594286712e-01,0.000000000000000000e+00
9.497943437761946495e-01,9.198506494268907652e-01,3.623162136270776101e-01,5.912416822787599502e-01,-4.169016898990002273e-01,7.688945417329363652e-01,3.576846397179502257e-01,9.204266487710648370e-01,9.216184232947665089e-01,-2.551161923493375228e-01,0.000000000000000000e+00
9.698806507928824372e-01,9.381563778467949533e-01,4.175593868159718780e-01,5.400702561053830619e-01,-7.172803555810323139e-01,5.961985878773752301e-01,2.808794706341667391e-01,8.562371943263362706e-01,9.732814042321082937e-01,-2.843623531362728385e-01,0.000000000000000000e+00
7.915902291205789698e-01,7.567966101397312073e-01,4.185800782405678655e-01,7.183057936566173973e-01,-4.138941904095644331e-01,9.194912814261307910e-01,4.842208739108605497e-01,9.165390675317359737e-01,9.729481918331974732e-01,-2.369731623673425602e-01,0.000000000000000000e+00
7.471390703457909677e-01,7.033451535327199799e-01,4.538695780982842654e-01,7.405038674627287820e-01,-5.108953686507445857e-01,6.320212112881810895e-02,4.931848309131151575e-01,8.943003891592683496e-01,9.923636811950536929e-01,-2.420496062924060165e-01,0.000000000000000000e+00
7.969794159328160710e-01,7.575731471636499847e-01,3.108625335096637521e-01,6.849253952881373397e-01,-3.181278020866051826e-02,6.310118716266605032e-01,5.622408943198126119e-01,9.810135194945320825e-01,8.377152500177870165e-01,-1.983279268608830748e-01,0.000000000000000000e+00
8.170775660925196915e-01,7.763883720161357527e-01,3.860433227108663878e-01,6.976926644199441530e-01,-3.130608010275837128e-01,3.282736005679478541e-01,4.897405175923959519e-01,9.318348103001121707e-01,9.348267036030144528e-01,-2.310484033023173234e-01,0.000000000000000000e+00
9.217944262095153496e-01,8.800045631612916086e-01,4.371502611220931533e-01,5.981566892739970109e-01,-6.953826214357820001e-01,-9.978544864371793333e-01,3.436596903784462920e-01,8.515372689459183020e-01,9.753347960704931152e-01,-2.761451819831578502e-01,0.000000000000000000e+00
8.024819550611187458e-01,7.556917536131195767e-01,3.812559336510606411e-01,7.026199108116752967e-01,-2.789403111765498267e-01,-9.974548904980564679e-01,5.071699897293634463e-01,9.357701681857820697e-01,9.246447202873262494e-01,-2.269009439166493058e-01,0.000000000000000000e+00
7.198283251285320095e-01,6.572534112426976494e-01,3.173540997193005642e-01,7.046389447722473109e-01,-1.224691578976178086e-02,9.744930770706557999e-01,6.201589728576746285e-01,9.834837478702936897e-01,8.393400232543954953e-01,-1.875772087643598485e-01,0.000000000000000000e+00
8.634400834599985641e-01,8.140803385553618821e-01,3.294133434139120409e-01,6.560848982890938874e-01,-1.491303892815788457e-01,5.046868388497844915e-01,4.917722420405053474e-01,9.561735785055159864e-01,8.403641009664817307e-01,-2.214951029237474944e-01,0.000000000000000000e+00
9.823136300505173057e-01,9.359256321455912131e-01,2.777333962631147180e-01,5.228756433066602538e-01,-1.464485588527184023e-01,-9.647583210502476136e-01,3.579531496247229105e-01,9.562940899369209991e-01,7.534841238238936256e-01,-2.417301410192726485e-01,0.000000000000000000e+00
9.735079566577261589e-01,9.232321366743301283e-01,2.671132649620090449e-01,5.380386134647836549e-01,-7.900697061160449897e-02,9.480155190475161309e-01,3.875931047737231072e-01,9.650916964398472686e-01,7.238433708500148223e-01,-2.333429926593466319e-01,0.000000000000000000e+00
9.624345247922712066e-01,9.085150218328766902e-01,2.327696391009467791e-01,5.467222518851824198e-01,6.894410718059351684e-02,6.665669735247690131e-01,4.361189541060929153e-01,9.834552895152003371e-01,6.392653811212765103e-01,-2.158058122773504617e-01,0.000000000000000000e+00
9.025002955440187824e-01,8.434785700299038957e-01,3.539241207138374423e-01,6.230940030706801913e-01,-2.988999820200912150e-01,2.764488356158539828e-02,4.327747994205647375e-01,9.251763430942020472e-01,8.619880128260600793e-01,-2.419620478864111801e-01,0.000000000000000000e+00
9.940941088747128340e-01,9.467742282301130352e-01,2.061671052553812611e-01,4.775105278025138511e-01,8.825814842953594308e-02,9.032217479813693384e-01,3.703820524177611206e-01,9.838483446203444283e-01,5.807042016875297863e-01,-2.252113537472522353e-01,0.000000000000000000e+00
8.917048818410425737e-01,9.999997853885642662e-01,1.672012985709438182e-01,2.071125802505130731e-01,-7.978625281383852630e-02,4.510171725509138918e-01,9.701861828336497129e-02,9.686480876952565655e-01,5.747864740060590893e-01,-2.718104951122073398e-01,0.000000000000000000e+00
9.742857996030610535e-01,9.907585953665569711e-01,2.190687351512592973e-01,3.219765311862335389e-01,-1.571596430103756881e-01,-2.695671041276074265e-01,1.846257038094545055e-01,9.550596120918234400e-01,6.500372645647363168e-01,-2.668075094547572856e-01,0.000000000000000000e+00
9.941142329931219601e-01,9.783220379399676370e-01,2.539015558283821417e-01,3.747797803174494069e-01,-2.352102998933180145e-01,-8.475088157847045223e-02,2.202490574678623025e-01,9.408934245645060868e-01,7.047344152754690949e-01,-2.676814886786403891e-01,0.000000000000000000e+00
7.166085091080405256e-01,9.903843219400195741e-01,6.366319633757897001e-02,5.503165136212559427e-02,1.930426231920610025e-01,-9.755619521532531424e-01,1.105191436300436564e-02,9.940980386130146007e-01,3.500510830289909059e-01,-2.634224776412966706e-01,0.000000000000000000e+00
7.438072079797295455e-01,9.934983777445202113e-01,-8.354017164931032413e-03,7.307024503885979627e-02,5.059607316102170405e-01,-9.305437896403199183e-01,8.479310723132070515e-02,9.986064265608552981e-01,1.255296783413143158e-01,-2.329076143914117214e-01,0.000000000000000000e+00
7.932910781356810048e-01,9.975705125197668055e-01,7.966209072227677102e-03,1.095302973510279831e-01,4.787510267379613271e-01,-5.082154697164932289e-01,1.123245668949726106e-01,9.993711033441998737e-01,1.488555099432124773e-01,-2.319019778110487096e-01,0.000000000000000000e+00
6.052710061663993946e-01,9.804968271272124225e-01,-3.893709870143012564e-02,-2.419414287835508146e-02,5.382282901529188424e-01,-6.780136824322534617e-01,3.162295167188931833e-03,9.974617817480767590e-01,6.877825208290877512e-02,-2.399303912438384978e-01,0.000000000000000000e+00
1.804432567219173278e-01,9.076514960363561979e-01,-2.468495788293106896e-01,-2.458678384977353859e-01,1.069638359390514104e+00,6.780543733312026644e-01,-9.471350097638442378e-02,9.207557045647207783e-01,-4.358290068150071361e-01,-2.046717864530500086e-01,0.000000000000000000e+00
5.515019612521370185e-01,9.757984932577441484e-01,-1.081831689813844560e-01,-5.942942897963372773e-02,7.593754577480791301e-01,-3.348756701921604684e-01,1.555703579827109190e-02,9.796994853655515145e-01,-1.352172083289951698e-01,-2.207054225150081872e-01,0.000000000000000000e+00
4.043512531126733922e-01,9.553338476716130012e-01,-1.259475582892314871e-01,-1.445544854315489181e-01,7.612716565169036498e-01,1.815839381936194263e-01,-6.420678200599888585e-02,9.801477918813499279e-01,-1.525001125155572290e-01,-2.296782296676859181e-01,0.000000000000000000e+00
3.625202581073084240e-01,9.497936010951595343e-01,-1.641878475680507710e-01,-1.664281952510165696e-01,8.748900582837126905e-01,3.438552063190076780e-01,-6.243120784180506561e-02,9.637938628990126988e-01,-2.605210107194311786e-01,-2.197045714083348256e-01,0.000000000000000000e+00
1.560035910049427932e-01,9.106194663153509561e-01,-1.540289261498647977e-02,-2.617017484802474647e-01,1.455864928594589880e-01,4.561744043886033495e-01,-2.929227763298467013e-01,9.950897914974091707e-01,2.300867185985177032e-01,-2.948748630810394955e-01,0.000000000000000000e+00
-1.901448382479666299e-01,8.120721264510000204e-01,-2.248585246509561542e-01,-4.392521368741657550e-01,8.456208990140891002e-01,8.719047152644686660e-01,-3.258787967330943891e-01,9.657292163363749848e-01,-3.290303515373638188e-01,-2.469485683673158238e-01,0.000000000000000000e+00
4.633216589156642362e-01,9.692136274466879309e-01,-1.255256166187334599e-01,-1.176936393918876778e-01,7.850057274822330733e-01,7.557460250817205072e-02,-3.701564670373586746e-02,9.775153609479465544e-01,-1.880951752969126922e-01,-2.249823729840300934e-01,0.000000000000000000e+00
-7.853160881217723446e-03,8.751223430120342872e-01,-1.557457430229629847e-01,-3.570537431756947155e-01,6.639150892472434062e-01,7.610803220834576610e-01,-2.843564458917679505e-01,9.868264713904317809e-01,-1.726998385891340415e-01,-2.573110244264651403e-01,0.000000000000000000e+00
1.047532432626685772e-01,9.057201127531899765e-01,-8.070955956601871817e-02,-3.002630218605792378e-01,4.047560408580775926e-01,6.152235905998740817e-01,-2.815616057721747612e-01,9.995559900358869099e-01,2.388291857872481064e-02,-2.758185545496383839e-01,0.000000000000000000e+00
4.985494694879201716e-01,9.769164964760522762e-01,-9.884584430979503900e-02,-1.030619197532680470e-01,7.080336895678549514e-01,-3.195315450506428651e-02,-4.075895832335667268e-02,9.866367744001502960e-01,-1.337061618565590915e-01,-2.321322683967683431e-01,0.000000000000000000e+00
3.621175488217593941e-01,9.589466695033258548e-01,-2.055460695915488079e-01,-1.725485970666857105e-01,9.981111216259818120e-01,4.762975655105526895e-01,-4.668984321874626586e-02,9.371391930690388117e-01,-4.137025372123949163e-01,-2.060282546432142259e-01,0.000000000000000000e+00
5.936933973921417751e-01,9.891352504837631621e-01,4.232256771750951552e-03,-5.050057537066286739e-02,3.548823762324599951e-01,-4.971610747117770623e-01,-5.951558448459293160e-02,9.995168326802542635e-01,1.344830350244918538e-01,-2.610131009087104936e-01,0.000000000000000000e+00
4.630678429383435213e-01,9.757401414187317767e-01,-6.218285472417690862e-02,-1.289356019811596921e-01,5.484635383665303898e-01,6.721366581542405350e-02,-9.745879725463582610e-02,9.971321952855551896e-01,-3.165289592145703601e-02,-2.504530432728617750e-01,0.000000000000000000e+00
5.231295634996734334e-01,9.836500244142368787e-01,-5.201832272144717856e-02,-9.617268119232652568e-02,5.430352323008348359e-01,-1.198050493269439132e-01,-6.866242439499906092e-02,9.976322178413826736e-01,-2.362372988232591328e-02,-2.482845171339479184e-01,0.000000000000000000e+00
8.409871112255605796e-01,9.988013201510526073e-01,6.184247171164205387e-02,1.260374050678311764e-01,3.124087615194055534e-01,-2.245788446779340142e-01,9.525223837755310285e-02,9.970382606460307384e-01,1.995006881353822703e-01,-2.489726909697016766e-01,0.000000000000000000e+00
1.958408475127456083e-01,9.376909524461374268e-01,2.041815681383540859e-02,-2.501691022794061969e-01,1.177231483346363738e-02,4.613716267702373530e-01,-3.252851117436221240e-01,9.857730917208474830e-01,2.719849044984384845e-01,-3.075489643478695467e-01,0.000000000000000000e+00
7.047600125844208918e-01,9.986578142887373444e-01,2.257006056869139375e-03,1.506173520314534400e-02,4.421963861881676450e-01,-8.824691391801025020e-01,1.528327978348387531e-02,9.999987538875368953e-01,6.607294626103586699e-02,-2.480147462824529025e-01,0.000000000000000000e+00
7.976815527095386660e-01,9.997117674862759928e-01,-1.993352388793571267e-02,8.290801454674548432e-02,5.843959352985549360e-01,-9.222491438084517990e-01,1.099710647428597671e-01,9.969595007401476083e-01,-4.196783195109757281e-02,-2.265207702782685850e-01,0.000000000000000000e+00
7.913851586604793154e-01,9.997060211853525669e-01,3.888734516449603162e-03,7.669552318448247252e-02,4.969040279071407773e-01,-9.516751951697874912e-01,8.447002444757691075e-02,9.997125280484104870e-01,2.611160266984864642e-02,-2.368074519879495576e-01,0.000000000000000000e+00
8.924503116674710190e-01,9.920909428137607566e-01,1.738288666517690262e-01,1.649145526342844781e-01,-1.111804970177335539e-01,8.629895400214766532e-01,6.297116004778091636e-02,9.559566244682383696e-01,4.662054196802065675e-01,-2.822885314141801993e-01,0.000000000000000000e+00
9.584290934456113353e-01,8.421677778710042750e-01,3.056287941681530840e-01,5.193574054127043649e-01,-2.071055387133091119e-01,9.892014765479270055e-01,3.881375808398778715e-01,9.189201328150600201e-01,6.625476538365242529e-01,-2.505729861493584676e-01,0.000000000000000000e+00
9.994572150570958380e-01,9.316518175019610215e-01,1.690194002330807077e-01,3.741619920875958183e-01,1.607361209836015159e-01,-9.861313798200942449e-01,3.105157889214423261e-01,9.808054056936944542e-01,3.526356284593641921e-01,-2.358026385962392890e-01,0.000000000000000000e+00
9.604211519569638700e-01,8.394773282286519533e-01,2.002657960349400468e-01,5.041463094454723404e-01,1.829326358810339226e-01,9.821123380909532186e-01,4.628282838836805801e-01,9.818556685808912388e-01,3.839093578414037311e-01,-2.125592356832417540e-01,0.000000000000000000e+00
9.988944362315834713e-01,9.088524573976402010e-01,1.393873982820292290e-01,4.006528528358498376e-01,2.962935431181754065e-01,8.655254058891438396e-01,3.763587775412378100e-01,9.928626813698141484e-01,2.387075809220905176e-01,-2.166879230091384168e-01,0.000000000000000000e+00
9.031337543238703303e-01,7.646357641249837966e-01,2.436813098667700017e-01,5.675436251111586339e-01,1.044224324333471454e-01,4.810394494485938921e-01,5.194555342610859272e-01,9.692541497057431954e-01,4.725860749735797395e-01,-2.106647290765271407e-01,0.000000000000000000e+00
9.227222011297283588e-01,7.837041795897052854e-01,2.591018248467874541e-01,5.530646323787152818e-01,3.359388157527121166e-02,2.245243711380539575e-01,4.811731973950645891e-01,9.563334920663094652e-01,5.100179682025028916e-01,-2.225355195983844681e-01,0.000000000000000000e+00
9.411786790480888287e-01,8.026309533326536627e-01,3.384942825486490503e-01,5.294373626737919336e-01,-3.138588098257982795e-01,2.507890362397681150e-01,3.930137497372288014e-01,8.883380573061684382e-01,6.971997867276474858e-01,-2.586803545502206481e-01,0.000000000000000000e+00
9.632242683734463240e-01,8.286118811268393669e-01,2.792895118866509097e-01,5.009992197318744456e-01,-1.099041910576576409e-01,-3.727190628513150084e-01,3.963778887740198598e-01,9.310718323722791956e-01,5.613439583826922430e-01,-2.452544327224676080e-01,0.000000000000000000e+00
7.636665266534454766e-01,5.963371566687001302e-01,2.266068592423151618e-01,6.165281513294859073e-01,1.934751478646409284e-01,-9.601593933295707872e-01,6.746984373241903254e-01,9.884125024382020008e-01,3.868603039159533852e-01,-1.740972738837046896e-01,0.000000000000000000e+00
4.823094908720370055e-01,2.277359967469788360e-01,3.832770199159435953e-01,7.620303173976141764e-01,-8.724550326943480982e-02,4.240891097052510439e-01,7.547665614424184932e-01,9.271817687727980095e-01,8.077617564848365017e-01,-1.860760579271250326e-01,0.000000000000000000e+00
4.899647656767778803e-01,2.362010182597165109e-01,5.064753146640432746e-01,7.898676262412753779e-01,-5.122926971909553817e-01,-7.323807768211292035e-02,6.584107832979980701e-01,7.987476258796846196e-01,9.630514957095988038e-01,-2.338383879882999228e-01,0.000000000000000000e+00
5.252680837060423880e-01,2.846975635765679469e-01,5.920110064388204307e-01,7.421569165610665264e-01,-9.232881088307437478e-01,-9.952866829166023832e-01,5.729827079501162990e-01,6.742720893066069809e-01,9.993002526821157527e-01,-2.717063337483359708e-01,0.000000000000000000e+00
5.708342291582066963e-01,3.449488784509757711e-01,4.071568061505454472e-01,7.511774991496356080e-01,-2.005660534230702119e-01,1.505169148511112109e-01,6.828512134887837481e-01,8.872380975891431820e-01,8.135923466047316754e-01,-2.098214596662608955e-01,0.000000000000000000e+00
6.087407269301927659e-01,3.912886977743409433e-01,3.930382785438560345e-01,7.346817271833349094e-01,-1.774072684172257608e-01,5.329836206954781108e-01,6.685817499882075188e-01,8.924708443992154239e-01,7.751893577634718646e-01,-2.110152239923844542e-01,0.000000000000000000e+00
5.320834271496333034e-01,2.854041230675969376e-01,4.828000102577406083e-01,7.697333187046485614e-01,-4.560351671424193176e-01,-9.276722978307868628e-01,6.521528689401492329e-01,8.087246732874461275e-01,9.211970768698487522e-01,-2.327636533789613216e-01,0.000000000000000000e+00
6.065645825960195303e-01,3.815797605495511169e-01,3.107268038134742838e-01,6.973021852173054702e-01,5.252037110930829478e-02,3.777791798980094651e-01,7.326617287699448422e-01,9.550901140645652321e-01,5.788401327652525907e-01,-1.804382252362285444e-01,0.000000000000000000e+00
7.931411916425405995e-01,5.985413262534580170e-01,2.896378069327175675e-01,6.303751547831064617e-01,4.131360178188048238e-02,4.082588499554626327e-01,6.029933875646906749e-01,9.450941800507031143e-01,5.000427221464921468e-01,-2.066504418415280597e-01,0.000000000000000000e+00
9.643593807252337502e-01,7.970087703756614239e-01,2.009421173189239740e-01,4.758597945720358657e-01,1.799443450519939702e-01,9.278160890642990211e-01,4.482999563067174287e-01,9.719121929317486863e-01,2.783845081234046503e-01,-2.203759961247233334e-01,0.000000000000000000e+00
8.000517773734726612e-01,5.985590820952837454e-01,3.763345960866809614e-01,6.337694848727906116e-01,-2.789958252133132866e-01,-8.268334237340058124e-01,5.317005815237263455e-01,8.665897635570269930e-01,6.947613637653166085e-01,-2.413222519817191103e-01,0.000000000000000000e+00
8.891353735164316818e-01,6.952191392025950378e-01,3.487017607799074437e-01,5.629603760645214283e-01,-2.751705203907405251e-01,2.284980209662899886e-01,4.567698776794809068e-01,8.744018655115279870e-01,6.336363004602209026e-01,-2.519322555306101608e-01,0.000000000000000000e+00
9.960567969774157815e-01,8.996661828734373589e-01,9.305171644729540170e-02,3.074698020448476399e-01,4.067093884908755119e-01,-5.320112416343407702e-01,3.159554297664126099e-01,9.963504446281642446e-01,3.614107972235419859e-03,-2.209817916187918341e-01,0.000000000000000000e+00
9.751629352130990469e-01,8.014990742414513925e-01,3.086216028019059809e-01,4.472140112553005253e-01,-2.700086826404005103e-01,9.020526815890042016e-01,3.393601084280961633e-01,8.864802730585175095e-01,5.519988735428306148e-01,-2.673762985648922008e-01,0.000000000000000000e+00
9.999925117526419216e-01,8.727563651652764376e-01,9.004450941391520247e-02,3.393896367086180477e-01,4.378749709415774016e-01,-3.736276368762218025e-01,3.672401673252557730e-01,9.978138151606660289e-01,-3.727843114844361927e-02,-2.113100361063059984e-01,0.000000000000000000e+00
9.603795818608169554e-01,9.343894455646823971e-01,1.753291369950557843e-01,2.101103576720342869e-01,-4.918387486343211989e-03,6.104642695106122785e-01,1.329544907272016407e-01,9.556485897159374687e-01,2.719662595446125097e-01,-2.734214038943943437e-01,0.000000000000000000e+00
7.300591485252120316e-01,9.914825236237891914e-01,5.137521467936990993e-02,-2.125033212355824375e-02,2.565588379966414201e-01,-5.468264643188583962e-01,-6.515331547985954430e-02,9.932331975300667803e-01,1.328522143421154156e-02,-2.732880632284144795e-01,0.000000000000000000e+00
7.654618153232592981e-01,9.869562579335436903e-01,-1.312842341333270990e-01,3.461441331173830110e-03,8.954172569592105946e-01,-5.112466592932619625e-01,1.030195667358986544e-01,9.603457304707563313e-01,-5.304242436137600603e-01,-2.000370387072011868e-01,0.000000000000000000e+00
8.936149450584435217e-01,9.596866502868648396e-01,-7.091305843676271037e-02,1.116110870969752450e-01,7.758781238683234438e-01,-7.431381977240280046e-01,2.003980488748479671e-01,9.815810743599227006e-01,-4.282329066824142605e-01,-2.005372717967694729e-01,0.000000000000000000e+00
9.533273279770222430e-01,9.314989404537662443e-01,1.019335157780904833e-01,1.946093241349131919e-01,2.895291165307242176e-01,9.999863368101948868e-01,1.672685922458429231e-01,9.883715828849063412e-01,3.558788951919323457e-02,-2.497823648068667191e-01,0.000000000000000000e+00
6.375606240685399717e-01,9.961078547088034751e-01,-3.665280274470551075e-02,-9.206150839921967144e-02,5.564420478150580163e-01,9.748573745697411419e-02,-8.779317963395705249e-02,9.988293019433452935e-01,-2.423141294803679291e-01,-2.531974970081287135e-01,0.000000000000000000e+00
5.747175672668689561e-01,9.986024288055324050e-01,-4.900343620803340738e-02,-1.327804680443386565e-01,5.659785804611413562e-01,3.381296697520519978e-01,-1.302179696139663390e-01,9.980945254030766378e-01,-2.646350000847157991e-01,-2.558998887469888239e-01,0.000000000000000000e+00
6.337060562883064518e-01,9.954946677470105643e-01,-1.008266405624196893e-01,-9.676009604560088795e-02,7.886435626380796649e-01,2.370036045543859049e-01,-4.723065924704894503e-02,9.832615327124715199e-01,-4.324103084993060064e-01,-2.301278104602270114e-01,0.000000000000000000e+00
7.483459053204135625e-01,9.838413210305025913e-01,-9.426429947799841447e-02,-1.941997401090882203e-02,8.097892586237271928e-01,-3.210067388374236441e-01,4.562521826268611802e-02,9.811522513275897639e-01,-4.565511663462379355e-01,-2.183533924407732030e-01,0.000000000000000000e+00
2.553713733668018793e-01,9.929205476052929136e-01,-2.151092156661715549e-01,-3.069040750246126992e-01,1.022801244676042609e+00,9.305011920622656696e-01,-2.346506040386171221e-01,9.375529423601730583e-01,-6.458823571983951517e-01,-2.247485175469827179e-01,0.000000000000000000e+00
2.957733828271586485e-01,9.958375626665544322e-01,-2.439774408909383685e-01,-2.829202143091870125e-01,1.116532083762543870e+00,9.340916246450109428e-01,-1.898556687346133476e-01,9.116689751303147515e-01,-7.209935455803591076e-01,-2.106458486352414949e-01,0.000000000000000000e+00
4.736339454327277987e-01,9.998613208405124908e-01,1.095659672959249931e-01,-1.715941005628968952e-01,-1.972204718607547536e-01,4.079855895095148011e-01,-3.370232081234685872e-01,9.529942313694289568e-01,2.268447289267902789e-01,-3.273140072152991298e-01,0.000000000000000000e+00
3.310820347367562366e-01,9.980108932369944341e-01,-6.043236302370710855e-02,-2.704730581738175044e-01,4.553459990753642161e-01,7.868666251730827010e-01,-3.092426761871986951e-01,9.991323820064129668e-01,-2.662046857463020721e-01,-2.768024019238058409e-01,0.000000000000000000e+00
5.632383168552654862e-01,9.969878084420286113e-01,-1.273837191496354770e-01,-1.490696565022780751e-01,8.492919673843198902e-01,5.543648223612334114e-01,-9.671752027073551861e-02,9.748269905651635314e-01,-5.119759726471011518e-01,-2.295763504441558633e-01,0.000000000000000000e+00
6.894017221775421422e-01,9.864343664731682892e-01,1.477912561112700723e-02,-7.082365705381782339e-02,3.810769095773469672e-01,-5.520735260625494328e-02,-1.024729846891613838e-01,9.986171836881282404e-01,-1.555869320095043529e-01,-2.687246261171739592e-01,0.000000000000000000e+00
8.797754708144962521e-01,9.470090208007991839e-01,1.269282130288629587e-02,8.404549881436679248e-02,5.419408892532517896e-01,-9.890408505008507767e-01,9.858340237279639151e-02,9.999974897659188455e-01,-2.439723180518002521e-01,-2.386018107785364273e-01,0.000000000000000000e+00
3.902236649485309461e-01,9.999408992821907649e-01,2.099211015575197514e-02,-2.335387725418369698e-01,1.305354914245995257e-01,6.777660390669981716e-01,-3.413891790703270646e-01,9.922322915091971174e-01,-5.505451485423604879e-02,-3.030154527657057395e-01,0.000000000000000000e+00
7.717472578861614974e-01,9.716807624144198074e-01,8.059268014478410125e-02,-1.499281968230535035e-02,1.649498321489611952e-01,-5.442034766793228950e-01,-8.026235219344102223e-02,9.845087409049451121e-01,-2.915255356305192658e-03,-2.831098860688437968e-01,0.000000000000000000e+00
4.613264289376606819e-01,9.992699003633608301e-01,-1.158792417122966600e-01,-2.160982302451533166e-01,7.645850418457311726e-01,7.532949209113231070e-01,-1.931618460729593034e-01,9.833471584995528980e-01,-4.798683848891686088e-01,-2.453837208889460553e-01,0.000000000000000000e+00
5.052757345099099240e-01,9.976224801257426167e-01,-1.366175133273236364e-01,-1.920643203426855294e-01,8.590799909701013481e-01,7.246917313619477552e-01,-1.480801296609384754e-01,9.727405332835691310e-01,-5.481435809897742262e-01,-2.335662314429889919e-01,0.000000000000000000e+00
6.125757598844776552e-01,9.901607135684523664e-01,-6.243105873897129149e-02,-1.307261104003077934e-01,6.439070658545362758e-01,4.255100200307995739e-01,-1.229359494360796057e-01,9.954282134025578266e-01,-3.843210476780944407e-01,-2.504001195774930300e-01,0.000000000000000000e+00
8.650420725656964294e-01,9.431345078991839603e-01,-6.922952617279942017e-03,5.997973646269974535e-02,6.003251850921462740e-01,-9.590644992267548519e-01,8.353268700028329552e-02,9.995060837292125688e-01,-3.235474818272650044e-01,-2.359217345126013166e-01,0.000000000000000000e+00
7.928251891497849480e-01,9.612941069609622913e-01,-3.187552218555122965e-03,-6.356608826176554823e-03,5.349375039453497793e-01,-4.816365475793069617e-01,-5.892942503057393457e-03,9.999873708668421957e-01,-2.877495703157136320e-01,-2.499946103260338448e-01,0.000000000000000000e+00
9.819615707840987362e-01,8.676004861810412416e-01,2.373287812701253274e-01,2.112762327528354134e-01,-2.262731258217046681e-01,2.712543133101733006e-01,1.142360507362122773e-01,9.042760823615607624e-01,3.093731668823513359e-01,-2.943580082133643305e-01,0.000000000000000000e+00
9.108166092277970582e-01,9.196416474180132417e-01,5.527190408406725680e-02,1.052967279641862652e-01,4.166988586750408619e-01,-8.620623000212477294e-01,9.654395073502443358e-02,9.960551152140729725e-01,-1.833832323171136203e-01,-2.503909041089722454e-01,0.000000000000000000e+00
9.729104022439376553e-01,7.200055583976920914e-01,3.480260931425280813e-01,3.971040677817784248e-01,-4.464635453845961499e-01,-2.287589817619219978e-01,2.991631251937241776e-01,8.200747986410695800e-01,5.199131417447308001e-01,-2.894619716576745105e-01,0.000000000000000000e+00
9.079983826270984215e-01,9.172060419903537154e-01,1.103676973494624458e-02,9.824851224369253455e-02,5.735023485497192652e-01,-9.461915615393691192e-01,1.217411207622679514e-01,9.999962950223939551e-01,-3.210394064106532053e-01,-2.350994895663643391e-01,0.000000000000000000e+00
9.995357908228966748e-01,8.110492117187956262e-01,1.204534557282689322e-01,2.927851048409621515e-01,3.462562763713565861e-01,9.891330048913169470e-01,2.999901475081235835e-01,9.846291725333737865e-01,-9.939888184222779588e-02,-2.346085149825585525e-01,0.000000000000000000e+00
9.975758899084803399e-01,8.202551775095007214e-01,4.783949803144398050e-02,2.654930481226869254e-01,5.538033452788477806e-01,-5.340487473221816606e-01,3.277338359271247947e-01,9.996226824194859306e-01,-3.116711475928287123e-01,-2.120135897816385895e-01,0.000000000000000000e+00
9.732916161860962756e-01,7.067472274424221323e-01,9.822205969663252989e-02,3.936308647431714380e-01,4.662472390239875697e-01,-4.705561710334219550e-01,4.821026960097248293e-01,9.958432818583405899e-01,-2.346259487874587657e-01,-1.973235198874663809e-01,0.000000000000000000e+00
5.966819532885073718e-01,2.509928708213512438e-01,5.888175778351654177e-01,6.237078136214084800e-01,-1.015130426038209910e+00,1.528264884764127252e-01,5.372870845270208973e-01,5.620456151310954107e-01,9.296623141334110496e-01,-2.939286226868550456e-01,0.000000000000000000e+00
8.086694443007538258e-01,4.871344479945048933e-01,3.579911672769733322e-01,5.784495270102399944e-01,-2.247148464605089879e-01,9.937280304434293887e-01,5.323144301487030550e-01,8.386518934009075110e-01,4.610962287652235481e-01,-2.470088412971827851e-01,0.000000000000000000e+00
9.544818316912531131e-01,6.638776386633907789e-01,3.122779314964743702e-01,4.302269459831516429e-01,-2.418556488701426865e-01,3.076875928396332616e-01,3.641373173765195537e-01,8.592617797695645265e-01,3.685834683163006220e-01,-2.703296979992385607e-01,0.000000000000000000e+00
4.636434659144487158e-01,7.839082085932230770e-02,4.537375138002660013e-01,7.490121257577282421e-01,-3.108699166522607138e-01,9.049622566114186029e-01,7.274203768397146108e-01,7.738211123854797924e-01,7.021527052383492729e-01,-2.226559276534415543e-01,0.000000000000000000e+00
6.764700998916987063e-01,3.279589883859828636e-01,3.015448230239828886e-01,6.437399628870099644e-01,7.168915238412387758e-02,-9.216044455526443135e-01,6.924614649120540699e-01,9.080473498779174646e-01,2.777807428849354832e-01,-2.010675533090888201e-01,0.000000000000000000e+00
7.999325674820905174e-01,4.605020441197707481e-01,2.974630297889335750e-01,5.799177364342870122e-01,1.463615320185240876e-02,7.870489421537724128e-01,5.851742417892384918e-01,8.960419233789551630e-01,2.636421687250676826e-01,-2.238504293883455953e-01,0.000000000000000000e+00
2.975361055065779414e-01,-1.570811463759727855e-01,5.633611469062609345e-01,7.917205566947368434e-01,-6.245441960632052147e-01,8.792202630194888568e-01,7.437845621911910454e-01,6.446097727893318474e-01,9.087713972899318371e-01,-2.395915876458615812e-01,0.000000000000000000e+00
3.508976807654011210e-01,-8.419572773093941809e-02,4.361645553033889344e-01,7.776612857983232763e-01,-1.820283191776838061e-01,-2.312951319995600330e-01,8.089132592483662121e-01,8.029074372818391092e-01,6.633243425178729780e-01,-2.001444676879949591e-01,0.000000000000000000e+00
4.426740625103354754e-01,3.392788911662605184e-02,4.728558776693634336e-01,7.488434733296396306e-01,-3.724508919755713521e-01,8.300787573524710528e-01,7.265198367336883623e-01,7.406536875707970813e-01,7.140666350323030542e-01,-2.282152557489189049e-01,0.000000000000000000e+00
5.093639466609259925e-01,1.130748696835314204e-01,4.780511341292530414e-01,7.168170259030950398e-01,-4.488679280807194583e-01,-5.018285074436117377e-01,6.800459192848994361e-01,7.211903181446082112e-01,7.084355484999943497e-01,-2.409461315809214577e-01,0.000000000000000000e+00
3.617121749698489208e-01,-7.825332105977512998e-02,3.722212132821038355e-01,7.482959258562452698e-01,-1.435912874874389900e-02,-7.344025467544537111e-01,8.508541746886761903e-01,8.669520417670011359e-01,4.780347038828453021e-01,-1.787096064294270148e-01,0.000000000000000000e+00
9.634593502916981578e-01,6.402515709960026058e-01,2.096571489159519130e-01,4.089521807324403291e-01,1.583970833971574121e-01,9.498757086223149626e-01,4.118425885157213640e-01,9.405298767017317152e-01,7.826455319506969016e-03,-2.392098740166622994e-01,0.000000000000000000e+00
5.245131000091056706e-01,1.195382267487865857e-01,4.999360521918186917e-01,6.969290897377558025e-01,-5.587137340148804476e-01,9.267091571709168418e-01,6.534391699875052861e-01,6.814987973531950738e-01,7.346784284171025137e-01,-2.525833713736140296e-01,0.000000000000000000e+00
9.393510332062261492e-01,5.943619655539383873e-01,2.403711167839296670e-01,4.412714475736191910e-01,8.176587855469996668e-02,6.344626442796005295e-01,4.382666867876662264e-01,9.194812251595120278e-01,7.258050107194040368e-02,-2.420196413651299061e-01,0.000000000000000000e+00
9.043458703282024613e-01,5.427855179078314718e-01,2.213237729263745346e-01,4.781462277823243512e-01,1.889197912327225115e-01,1.382173258596540999e-01,5.103816376895193851e-01,9.378882213601575923e-01,-5.863112402558034834e-03,-2.241429316776794300e-01,0.000000000000000000e+00
9.623607605472033200e-01,6.221482002638952791e-01,1.232244774867716219e-01,3.936195173342690312e-01,4.274706039156124238e-01,-9.163887074854747405e-01,4.752575244889062356e-01,9.855124706939653034e-01,-2.771612410852281050e-01,-2.078003516584158994e-01,0.000000000000000000e+00
9.834045020921997615e-01,7.942674050859438450e-01,-4.681492025402300694e-03,1.781445485553087849e-01,6.821755512575464753e-01,6.732172595541925375e-01,2.603915986334739419e-01,9.988314952805907865e-01,-5.422750844366790446e-01,-2.114898996047695212e-01,0.000000000000000000e+00
9.969293836878323489e-01,7.562813843581650541e-01,1.317229062537136342e-01,2.327834794685822994e-01,2.892904562230814158e-01,9.291817673032203018e-02,2.277836329321608067e-01,9.731366615751766425e-01,-1.920419445456076624e-01,-2.519696615363621883e-01,0.000000000000000000e+00
9.675126198383755538e-01,6.186736881374701458e-01,2.702410832205849323e-01,3.838283336260114309e-01,-9.305643828739512680e-02,-3.872738848952267943e-01,3.486921859299260129e-01,8.838744707190403505e-01,1.449080245649612964e-01,-2.664318650302466285e-01,0.000000000000000000e+00
8.992666749108472191e-01,8.619232744912806998e-01,9.708081943796222080e-03,4.451738568769095933e-02,5.795353595867963614e-01,-7.750892954214448904e-01,5.526114192150100718e-02,9.999252543253560610e-01,-4.620452283579960517e-01,-2.451681958333681577e-01,0.000000000000000000e+00
9.792637640496542062e-01,6.347074246796352570e-01,1.469688280272749004e-01,3.607249950978481667e-01,3.482393004947808013e-01,3.211997269780857422e-01,4.045263271619208845e-01,9.718242903694640500e-01,-2.252376115211307261e-01,-2.269455465477199230e-01,0.000000000000000000e+00
9.978623035894010895e-01,6.888547171948962156e-01,1.975943547610317097e-01,2.933873738428778299e-01,1.010389387807968387e-01,9.997649086759240467e-01,2.710427313305803776e-01,9.357314175977916593e-01,-5.257909328750276501e-02,-2.622297838573907636e-01,0.000000000000000000e+00
9.157510556055568074e-01,5.241051934603744300e-01,2.725015205990382605e-01,4.534382762098457809e-01,-1.016798369371402222e-02,1.961003773115398835e-02,4.476528184300155866e-01,8.872794139648257916e-01,9.815124202630359784e-02,-2.496114335665804984e-01,0.000000000000000000e+00
9.581364145126105569e-01,8.053301697778100232e-01,5.627536911239470335e-02,1.183981446146921412e-01,4.784681756402402453e-01,-8.375807495757685572e-01,1.258258780201581550e-01,9.951674664626631861e-01,-3.944657365142849037e-01,-2.479776425354555114e-01,0.000000000000000000e+00
8.424398315333445630e-01,8.776903830591575861e-01,1.095070172864647251e-01,-2.124961273470015247e-02,1.070755656595671901e-01,-2.848225181326304867e-01,-1.138665394882078657e-01,9.717128013866787040e-01,-1.774727670325474127e-01,-2.952523797041114451e-01,0.000000000000000000e+00
9.721285413816458387e-01,7.832631593745855714e-01,-8.032940468523631916e-02,1.313352059856374987e-01,8.242175433510723348e-01,-6.205280172023455165e-01,2.627476772651199388e-01,9.800085366091678685e-01,-7.493404319717712481e-01,-1.918140714449344253e-01,0.000000000000000000e+00
7.480732432474429539e-01,9.084373743323679307e-01,3.902220184057222235e-02,-1.009792488085893697e-01,3.242589477864631364e-01,3.967572528836834089e-01,-1.776823387511974328e-01,9.948617112046845845e-01,-3.570621116848589627e-01,-2.835080049016375225e-01,0.000000000000000000e+00
8.584240160615662640e-01,8.631963225064159806e-01,-3.196207827925854998e-03,-1.188203078914665430e-02,5.939098209100374115e-01,-1.936066188366546981e-01,-1.460604538376344963e-02,9.999883670128189017e-01,-5.182131038283339652e-01,-2.510206923235008825e-01,0.000000000000000000e+00
9.270150732127225846e-01,8.189250095792590667e-01,-7.990840166349799656e-02,6.091581447568102103e-02,8.443017296132677707e-01,-8.148276771437148458e-01,1.510912996053608293e-01,9.835159987660583303e-01,-7.326608038894093511e-01,-2.078306560185530505e-01,0.000000000000000000e+00
8.953122062348631838e-01,8.373595106831961399e-01,1.212407084276686114e-01,2.211322939393875475e-02,1.205518500923543346e-01,-6.636412964775055823e-01,-5.780473904671228763e-02,9.676735145314926401e-01,-1.987768933658945192e-01,-2.911356522162771854e-01,0.000000000000000000e+00
9.400563678210639429e-01,8.024119891003771432e-01,1.894762773029694952e-02,7.830557335684204534e-02,5.890624386420431069e-01,-9.672425469531482634e-01,9.880335848906926510e-02,9.996116974383767451e-01,-5.168231155769299479e-01,-2.419918267073303264e-01,0.000000000000000000e+00
9.884232627491129630e-01,7.356939575930674380e-01,1.437754619695758573e-01,1.718894633620273726e-01,2.041386855527779487e-01,4.965851695050399472e-01,1.434495213618024179e-01,9.618471779736886829e-01,-2.203180044477015542e-01,-2.691790079153770776e-01,0.000000000000000000e+00
9.378384142284672542e-01,7.984388004946105788e-01,-4.891307946009755547e-02,7.018003100236072656e-02,7.830303690342154121e-01,-8.900110542954638992e-01,1.407974281963752516e-01,9.933308107256944020e-01,-6.874952325601887404e-01,-2.178151916167336832e-01,0.000000000000000000e+00
9.248701433542306782e-01,8.057750955828910655e-01,4.699063991795019574e-02,5.217495437318606100e-02,4.720089457252709675e-01,-8.136416940570949663e-01,4.059085041582781439e-02,9.957765158595063282e-01,-4.498574843793248235e-01,-2.576421503860932272e-01,0.000000000000000000e+00
8.106338819350459302e-01,8.674467765544324749e-01,-5.582936093615122053e-02,-6.689693630779340594e-02,7.471626807260804970e-01,3.634548951307194908e-01,-5.560231419429563504e-02,9.941023971536316894e-01,-6.608534998640814839e-01,-2.413515933564506499e-01,0.000000000000000000e+00
9.932275180340710552e-01,7.091307209333577166e-01,2.462743395577753069e-02,1.818640573458127629e-01,6.322724746723512590e-01,6.302905802282900982e-01,2.512749271641581683e-01,9.996932774814000222e-01,-5.752591143019568642e-01,-2.220628645536802670e-01,0.000000000000000000e+00
9.400378555325749064e-01,5.026765211225581176e-01,2.189238087019323986e-01,4.042136066935200223e-01,1.623250136604728611e-01,-9.687931176967101710e-01,4.311087191173066935e-01,9.220510807381818719e-01,-1.363246063266428110e-01,-2.422687754046688458e-01,0.000000000000000000e+00
9.480363866876806433e-01,7.725409626776901240e-01,1.152853881599828212e-01,7.687324623652605493e-02,2.284010286857673100e-01,-9.870589997900727219e-01,2.841255682968363283e-02,9.727403034170216678e-01,-2.970623781387446427e-01,-2.781132287153945670e-01,0.000000000000000000e+00
9.992967725566422876e-01,6.681937106241581104e-01,7.878934390365241458e-02,2.176172679313382596e-01,4.962280532943682543e-01,8.638147073033467516e-01,2.620873283741507187e-01,9.906694730143460470e-01,-4.677505679796848392e-01,-2.349453079196079652e-01,0.000000000000000000e+00
9.938611669956514127e-01,6.029052423619106760e-01,6.947268590206695515e-02,2.824981420065580395e-01,5.533869041165029312e-01,4.928843768478023413e-01,3.736707747146852943e-01,9.943575663098086492e-01,-5.277401887134807179e-01,-2.152713111566911530e-01,0.000000000000000000e+00
9.440891955132413305e-01,4.916440142988685591e-01,2.567302257603663596e-01,3.886417166803338707e-01,8.779528914687084740e-03,-9.763611411228169112e-01,3.899210766107489845e-01,8.856484728333238188e-01,-4.636181404156080460e-02,-2.593728383462685638e-01,0.000000000000000000e+00
8.719595137516154004e-01,3.905707582528308297e-01,2.972442002577946329e-01,4.663385231573126122e-01,-5.604279323542621372e-02,-2.270363278100067106e-01,4.784723002336345732e-01,8.514734577594514908e-01,3.835958199353526471e-02,-2.530634882157953292e-01,0.000000000000000000e+00
9.671164390578461667e-01,5.226393378390598032e-01,2.318824556845704710e-01,3.495519078055239204e-01,6.609279860274219764e-02,-7.839094233231824749e-01,3.511101393571186002e-01,9.044840777084270922e-01,-1.175862950732998458e-01,-2.602556170054122764e-01,0.000000000000000000e+00
5.923104601508941691e-01,8.022231254103699694e-02,3.002186083214312684e-01,6.341814821243151323e-01,1.173852599989640977e-01,-9.530890425638290919e-01,7.482383158478688179e-01,8.696765887386781468e-01,-3.665452942959533406e-03,-1.982179448009151745e-01,0.000000000000000000e+00
5.048421434769816418e-01,-1.769474287234478610e-02,4.825794895341083968e-01,6.623377989315720749e-01,-4.864927993987709365e-01,5.505141235354382712e-01,6.738710652041762783e-01,6.468809723833336411e-01,5.145451524401754018e-01,-2.523376486060343038e-01,0.000000000000000000e+00
7.546290337357534073e-01,2.410743740222958953e-01,1.308661293619885202e-01,4.997127499937409900e-01,4.068446154159561789e-01,4.912499828965282145e-01,7.349999153651196604e-01,9.827389489897383479e-01,-5.021537654450678456e-01,-1.654494550147875276e-01,0.000000000000000000e+00
5.581429836040179282e-01,3.006750060582301029e-02,4.163591717241807433e-01,6.499032311615694502e-01,-2.544876898023049061e-01,-5.304097677101503594e-01,6.851169461301547248e-01,7.298530653184013284e-01,3.154478800534696870e-01,-2.370659989833304448e-01,0.000000000000000000e+00
3.607247028799800970e-01,-1.890219730223966221e-01,4.421273837534148154e-01,7.329253954626397949e-01,-2.176799482986842005e-01,-2.766479050766999515e-01,7.955929921302991037e-01,7.131731570113410967e-01,4.003208193669367532e-01,-2.152308121496498416e-01,0.000000000000000000e+00
4.447549246635629783e-01,-9.946960012705149956e-02,4.357845527160172372e-01,6.977479325761767326e-01,-2.489557581312771273e-01,-7.480919053933635654e-01,7.475952599929320819e-01,7.110621016910013692e-01,3.624974213172587056e-01,-2.264283855439309934e-01,0.000000000000000000e+00
4.765402349333220933e-01,-6.920736045967726402e-02,3.214031336516255943e-01,6.723062108816979521e-01,9.656675976566730935e-02,-9.662174210272295172e-01,8.120966516679392067e-01,8.476260384751832522e-01,1.548523495444883297e-02,-1.889782337063159179e-01,0.000000000000000000e+00
4.610311576907805131e-01,-9.038422579950711189e-02,4.425374650910437468e-01,6.858922597323331427e-01,-2.877664091071116537e-01,5.027892588538395158e-01,7.311472958357646545e-01,6.959664676964613106e-01,3.637891465777479683e-01,-2.322780489963021389e-01,0.000000000000000000e+00
-3.001811780191008250e-01,-9.835565008761882888e-01,7.025440660168359441e-01,9.047086672075080882e-01,-7.203398191237689874e-01,-1.143307420584345618e-01,9.278574932740450976e-01,4.157356515388999085e-01,9.929908603133089651e-01,-2.118288540881516635e-01,0.000000000000000000e+00
-2.429059820455304886e-01,-9.384310618829188044e-01,6.696780615030214490e-01,8.944665486967208201e-01,-6.442977054155797356e-01,-4.272959455302378640e-01,9.272394681984892362e-01,4.502668769621405720e-01,9.949271011429755562e-01,-2.091348109853741755e-01,0.000000000000000000e+00
-2.943478956606507269e-01,-9.784913375936019619e-01,6.632717153833437296e-01,9.093646258857317477e-01,-5.759545457904391430e-01,-1.206325020311562884e-01,9.538004659659500284e-01,4.660328378747686795e-01,9.990475305379861171e-01,-1.985660110858596950e-01,0.000000000000000000e+00
4.210940434583677894e-02,-5.931217745147934206e-01,5.805504086343570291e-01,8.183290813543395714e-01,-5.299239887571061125e-01,1.851199640706583938e-01,8.622204791405986279e-01,5.327337996284736699e-01,7.719405648081973936e-01,-2.207045433142304225e-01,0.000000000000000000e+00
-2.392970389899918560e-01,-9.324487694291225814e-01,6.204806405405639547e-01,8.964882095741502077e-01,-4.681608738141594950e-01,-4.351210788502213878e-01,9.612107988936997582e-01,5.129566358381126845e-01,9.558577226961785245e-01,-1.920342353538336821e-01,0.000000000000000000e+00
-3.940313858717581219e-01,-9.924521416476156377e-01,6.227180557382618886e-01,9.193874155623665834e-01,-3.801395135325286168e-01,4.373572137136437221e-01,1.024385034077705425e+00,5.361110106826141308e-01,9.999057016526907704e-01,-1.671742294753287283e-01,0.000000000000000000e+00
-7.840622617699319861e-04,-6.511040057094624744e-01,6.736825528537946361e-01,7.835260970289715798e-01,-8.972687286774050364e-01,-1.518674319875803758e-01,8.121922643923714658e-01,3.876509516664984334e-01,9.168059115769979783e-01,-2.500234177963658322e-01,0.000000000000000000e+00
-3.628889444186489954e-01,-9.999842595985342086e-01,6.060051673824448093e-01,9.109763571916726921e-01,-3.523159217845183155e-01,2.846961147879112364e-01,1.022731775978212854e+00,5.472221231022711407e-01,9.883988193466130001e-01,-1.667828766876620628e-01,0.000000000000000000e+00
-4.413016852493972797e-02,-7.067340572590405934e-01,6.238165173514154116e-01,8.280753048648605841e-01,-6.425864299522452416e-01,-6.580365592117594087e-01,8.694175764782918758e-01,4.636939857725684289e-01,8.491386949232558878e-01,-2.251800271255607888e-01,0.000000000000000000e+00
-7.630609942661807643e-02,-7.466392552432533636e-01,5.933248059741841329e-01,8.478629411512831338e-01,-4.946648612283035540e-01,-8.984569945318469086e-01,9.068574954001634714e-01,5.113342981581890934e-01,8.056990928308248590e-01,-2.090131311543310944e-01,0.000000000000000000e+00
-1.837086688194093931e-01,-8.715636113477912561e-01,6.187766722166297972e-01,8.755980245547483332e-01,-5.097331936448218359e-01,-8.524234482601512619e-01,9.354883457458513796e-01,4.856930633711490364e-01,8.948281200951013759e-01,-2.019146130127563166e-01,0.000000000000000000e+00
3.577834723828961505e-01,-2.498641446236491981e-01,4.286759560316037443e-01,7.124385085214636204e-01,-1.729080097298748564e-01,9.943428801113483040e-01,8.021375271893271819e-01,6.990005076121311722e-01,2.357587381860003217e-01,-2.148377624429998189e-01,0.000000000000000000e+00
5.581288325767439495e-01,-5.023477569451518382e-02,3.297026209663481700e-01,6.262608482349583117e-01,5.256291881296304425e-02,-9.315409812041770543e-01,7.409531995574191177e-01,8.100619312611593292e-01,-7.870923071334211263e-02,-2.108829858861244744e-01,0.000000000000000000e+00
7.963333195486933525e-01,1.847713593183223091e-01,1.768622382497182788e-01,4.778591668710467366e-01,3.792823944571288575e-01,2.840120166752813646e-01,6.384134330989944539e-01,9.435991320479404365e-01,-4.946066477405026141e-01,-1.993903475748592669e-01,0.000000000000000000e+00
6.771805071390838426e-01,5.748327068182783328e-02,2.123009454969950749e-01,5.458222856985786020e-01,3.157869314149079898e-01,9.191246934231251942e-01,7.303607312673192631e-01,9.203590879121261725e-01,-4.263611979206500813e-01,-1.889719923231233389e-01,0.000000000000000000e+00
5.075526803788393826e-01,-1.147872078785194955e-01,3.223467190599464405e-01,6.414531972612426136e-01,9.382861319602786576e-02,9.911060151304984522e-01,7.814991292774841058e-01,8.170221644867965427e-01,-1.260266809468901794e-01,-2.006977316377107634e-01,0.000000000000000000e+00
9.719828481222634320e-01,4.019421564629074850e-01,1.283054565512211642e-01,2.942049728998464286e-01,4.365100425978034604e-01,8.476571418971597938e-01,3.708454352696972656e-01,9.666903636164669855e-01,-5.708681582279698796e-01,-2.345740732794615868e-01,0.000000000000000000e+00
9.238226648334721958e-01,3.154850271438905951e-01,1.926228731320629717e-01,3.663572723354491800e-01,2.807250138928550909e-01,8.594978481268991111e-01,4.374781838507821874e-01,9.250237005878338969e-01,-4.383981371554999673e-01,-2.401658280439720461e-01,0.000000000000000000e+00
9.968632423766166095e-01,4.684666283992657276e-01,-7.864123483837248685e-04,2.062481391081110171e-01,7.235639937834335012e-01,9.999954433788219577e-01,3.425254863698005692e-01,9.999424328566791642e-01,-8.275461920729699772e-01,-2.051448311813235115e-01,0.000000000000000000e+00
9.883550564311636144e-01,4.284711227195021621e-01,1.385812180643326286e-01,2.484852800851989063e-01,3.754595091270740426e-01,-4.137574153044827341e-01,2.927786379593615429e-01,9.595457366276354261e-01,-5.461595511544967696e-01,-2.495075082611086514e-01,0.000000000000000000e+00
9.986278211668270233e-01,5.180448048945693884e-01,1.553883896646931495e-01,1.431438977151827663e-01,2.115758375712897543e-01,-5.276258416466959034e-01,1.176336438944594609e-01,9.474675931422041897e-01,-4.649860793027278394e-01,-2.788939961874370432e-01,0.000000000000000000e+00
8.896928428158570323e-01,6.831619206798393851e-01,2.725957825799161377e-02,-6.458280418379293286e-02,5.152647700054948654e-01,5.075678127572307297e-01,-1.252026138497420726e-01,9.982342533465287104e-01,-6.956386034300484633e-01,-2.721390084108421537e-01,0.000000000000000000e+00
9.519808797421696056e-01,6.179633586368985521e-01,5.233584972410849911e-02,1.451391420622730188e-02,4.957597078219521669e-01,-1.932102199911272244e-01,-1.579096521151580890e-02,9.938605972379797038e-01,-6.743799270401957813e-01,-2.668693813902836554e-01,0.000000000000000000e+00
9.873163214716654812e-01,4.087049950140156929e-01,8.818272598625273573e-02,2.447253433508864706e-01,5.380497125514527301e-01,-1.546981200770187748e-01,3.290922235547182884e-01,9.835043330257760008e-01,-6.835280231300139286e-01,-2.311637303201038163e-01,0.000000000000000000e+00
9.551941208098072567e-01,6.057494790501655180e-01,1.018029529659867788e-01,1.609755281234253807e-02,2.993963269835666630e-01,-2.730106890859883562e-01,-4.962069064065625229e-02,9.766211646424655113e-01,-5.683771017810834714e-01,-2.850578982681901130e-01,0.000000000000000000e+00
9.830306734084178766e-01,3.877038561698173957e-01,8.925034926485791997e-02,2.534213769858125187e-01,5.411513669910248403e-01,-6.553005692218533129e-01,3.442999268217015740e-01,9.828915783298205477e-01,-6.937358856092180615e-01,-2.293623802316538118e-01,0.000000000000000000e+00
9.864505778808494441e-01,5.420701876204151448e-01,1.071196167118566300e-01,7.986395909431256990e-02,3.509902253716944420e-01,-9.058698408885799136e-01,5.087229282158418214e-02,9.744063136645072509e-01,-5.931816506229574681e-01,-2.743852889788387928e-01,0.000000000000000000e+00
9.309772133721126997e-01,6.233478998928627668e-01,5.628482174644640346e-02,-2.441151948892100396e-02,4.497657993141332966e-01,2.114194628188799940e-01,-8.243786844705919270e-02,9.928188285138405123e-01,-6.747339673038140750e-01,-2.757108598966735435e-01,0.000000000000000000e+00
9.333947689314923135e-01,2.802227793819184742e-01,1.262903456438252969e-01,3.348080109425441986e-01,4.770463568365953533e-01,4.971920666943247524e-01,4.524955643464704802e-01,9.655631843402374681e-01,-6.538919766603336070e-01,-2.223814760415356584e-01,0.000000000000000000e+00
9.884709398583809703e-01,3.854143671704282070e-01,1.986329111480442111e-01,2.274623058655706187e-01,1.442850848491879501e-01,4.583137934005044323e-01,2.293729283547680797e-01,9.136731444471091201e-01,-4.381326818717199423e-01,-2.755854579682739391e-01,0.000000000000000000e+00
9.340531243277616635e-01,2.716572762891033554e-01,2.658194020791047607e-01,3.233555693159056443e-01,-1.609948856724652266e-02,-1.178611107377981575e-02,3.433162127430749999e-01,8.494069451238992485e-01,-2.993422194626466082e-01,-2.756988778335510148e-01,0.000000000000000000e+00
9.583136655841673068e-01,3.074034286792063919e-01,1.284385888932179920e-01,2.954267571428079719e-01,4.567143853494572969e-01,8.635355627192997652e-01,3.866887197321189906e-01,9.633341303741772554e-01,-6.499213565963164463e-01,-2.337207338184137673e-01,0.000000000000000000e+00
8.868022064942771010e-01,1.979664418004377369e-01,1.943209401289090754e-01,3.838022875916827226e-01,3.104490093099230297e-01,4.803312190716327312e-01,4.813207721043014642e-01,9.178213799703174303e-01,-5.276910191063126643e-01,-2.350848070389164601e-01,0.000000000000000000e+00
5.248823676068400390e-01,-1.692934054102776809e-01,3.773928532439401184e-01,6.114839022397242640e-01,-9.156420315231195151e-02,-3.252957900691572646e-01,7.172440133534416784e-01,7.232303679472713576e-01,-8.235785854690795549e-02,-2.299982448074555375e-01,0.000000000000000000e+00
5.250166195222388810e-01,-1.735848584300256348e-01,3.089882375623755895e-01,6.101292409317240484e-01,1.310527717367220291e-01,5.451801491546544032e-01,7.677282086307196662e-01,8.085026075280875579e-01,-2.909042737380415078e-01,-2.047253054634392277e-01,0.000000000000000000e+00
6.780523497087369567e-01,-3.611188419056315935e-02,3.354257875522872467e-01,5.278785222396646937e-01,-3.686849349149146082e-02,9.695766277662579702e-01,6.200279521309641773e-01,7.699680143374768582e-01,-2.066783256184794582e-01,-2.426711457734549715e-01,0.000000000000000000e+00
5.989944914482165927e-01,-1.145412948811424525e-01,3.598490144445505301e-01,5.694029158637842203e-01,-7.455362889064420795e-02,8.966598411731731277e-02,6.700179240815139492e-01,7.396279663203214616e-01,-1.512394349418603734e-01,-2.375371283396277289e-01,0.000000000000000000e+00
2.985500547825272744e-01,-3.969035660201636340e-01,3.865430573099616351e-01,7.006994165610187508e-01,-1.079639786767672138e-02,-9.057465061081054758e-01,8.578053663792977179e-01,7.147852396680527409e-01,-7.784235071512828064e-02,-1.975373453502666521e-01,0.000000000000000000e+00
5.737455598619849440e-01,-1.473745607292075988e-01,3.890207968966197249e-01,5.739098103249397065e-01,-1.710881805247414511e-01,9.979297723955983246e-01,6.668973578323208473e-01,6.980998621013640992e-01,-8.103112285842097029e-02,-2.447416615775858395e-01,0.000000000000000000e+00
5.395296112856036164e-01,-1.828620023649466519e-01,3.237858073374805246e-01,5.978752691516532325e-01,8.365930981563218793e-02,9.982654113860278677e-01,7.418305301380521133e-01,7.836614208483969612e-01,-2.830269108453830618e-01,-2.146135170445322982e-01,0.000000000000000000e+00
-2.298012616869250235e-01,-9.123391420126950591e-01,5.464024650267269578e-01,8.603851731316723983e-01,-2.605527184288739528e-01,-9.538643521637858447e-01,9.942583210169998464e-01,5.174253093215880339e-01,5.716664498674298711e-01,-1.741980044916435211e-01,0.000000000000000000e+00
4.711249408275453021e-02,-6.518407722904112633e-01,4.108435504718693232e-01,7.689579187876539601e-01,-7.545938369105664734e-03,3.123732328132273195e-01,9.724839127111670756e-01,6.881824745221467587e-01,1.617418958380953398e-02,-1.682060102995614204e-01,0.000000000000000000e+00
1.119591792529963103e-01,-5.916467680619796887e-01,4.102103744013097519e-01,7.535677821969517520e-01,-1.728357156254523019e-02,-8.867771948276662597e-01,9.399878488890889283e-01,6.822112427639378529e-01,-1.630486258775713099e-02,-1.785570350036878862e-01,0.000000000000000000e+00
-4.244441695588818675e-01,-9.983461694010825616e-01,5.467427539719366125e-01,8.816717764360857412e-01,-2.055343283888590999e-01,2.679541070043084949e-01,1.065189743114141718e+00,5.327591894453039822e-01,7.420795502767182361e-01,-1.414603774606596476e-01,0.000000000000000000e+00
-4.600437112860562006e-01,-9.856639658845196550e-01,6.918773281867550695e-01,9.092064692061375686e-01,-5.872790096296840456e-01,2.612185024652209364e-01,9.676163595330958822e-01,3.197794630163256491e-01,9.709522596217237123e-01,-1.896284183885683650e-01,0.000000000000000000e+00
-7.280499154904410686e-01,2.586995958949482866e-01,7.087169198473515230e-01,9.538926599989558941e-01,-4.317041262298337845e-01,9.999540208694270849e-01,1.037001312855741819e+00,3.473926772109743877e-01,4.738896205979847842e-01,-1.395525425489846649e-01,0.000000000000000000e+00
-7.598723942646856688e-01,6.068671430893658458e-01,8.011615681734086669e-01,9.737610329922045116e-01,-6.533305130375188785e-01,9.999992200711729229e-01,9.742730215186613529e-01,2.268307830294962746e-01,-1.032128231905210108e-01,-1.663084701835591261e-01,0.000000000000000000e+00
-4.913876907273533878e-01,-9.649176700472019697e-01,6.625246988881917654e-01,9.187422755384357931e-01,-4.630266052601039739e-01,4.388878443132837037e-01,9.968043262931577386e-01,3.554507880201718817e-01,9.518018395549371347e-01,-1.734717430800471194e-01,0.000000000000000000e+00
-8.545102364796655081e-01,2.573099211329175628e-01,7.361139089460402296e-01,9.397710205757021651e-01,-4.433405384537971727e-01,8.815007817475196683e-01,1.042220990091534238e+00,3.416122314855402631e-01,-9.445985578503692803e-01,-1.142801395189470826e-01,0.000000000000000000e+00
-7.265540612867612547e-01,1.331458844600843239e-01,7.874399222494290473e-01,9.649648528478238507e-01,-6.551390800107033119e-01,9.911301503233717058e-01,9.697204917270401126e-01,2.236282207004967604e-01,4.220569434023601074e-01,-1.703859992208772156e-01,0.000000000000000000e+00
-9.408138267718706427e-01,9.643469581342036800e-01,9.432563633367374578e-01,9.983619938143777350e-01,-7.901746732629546521e-01,8.350523689455655596e-01,8.984673553800213153e-01,1.215694520597982303e-01,-6.087435890132260052e-01,-1.566403095799369094e-01,0.000000000000000000e+00
-6.552791818459307027e-01,-5.001168346014186472e-01,6.162724410128870289e-01,9.127836951075379845e-01,-2.923133514641046427e-01,9.770193334778857208e-01,1.075463465610563274e+00,4.388244207459481294e-01,9.987184658089605094e-01,-1.234139409821655153e-01,0.000000000000000000e+00
-8.227383338226013088e-01,9.999943106887377864e-01,8.620512708304114424e-01,9.771334851524110521e-01,-7.807352508649392231e-01,9.872269658361965128e-01,9.302596511574791061e-01,1.504211139012715803e-01,-8.425375136981584356e-01,-1.726896897125833885e-01,0.000000000000000000e+00
-7.376863953719210443e-01,1.529907514876197583e-01,6.689829586959459284e-01,9.348335090348833809e-01,-3.585645438614629699e-01,9.972084442888067279e-01,1.053572804957162656e+00,3.722805105869692599e-01,7.479975178245831247e-01,-1.240553955243200723e-01,0.000000000000000000e+00
-9.184783361388357825e-01,3.972542730658912835e-01,8.552070949474221973e-01,9.862149134031334974e-01,-6.065146898303249712e-01,8.242287470042505282e-01,9.474899041458980653e-01,1.874849017369145110e-01,4.527511140307260429e-01,-1.355997691721933518e-01,0.000000000000000000e+00
-7.047783135007444910e-01,-2.121061471098993623e-01,8.022672094554642586e-01,9.473384045287279731e-01,-7.500323446483204703e-01,9.589043552886842292e-01,9.415462571435291306e-01,1.789892134045799055e-01,7.047465341004234274e-01,-1.826632669301477829e-01,0.000000000000000000e+00
-5.759640830282354296e-01,-8.531209142873893425e-01,7.347647307746392187e-01,9.202657899497108662e-01,-6.521407391575678725e-01,6.559989869643777505e-01,9.567023652330810535e-01,2.367458544841903878e-01,9.990351950376770152e-01,-1.860964387881374194e-01,0.000000000000000000e+00
-5.057666732111821828e-01,-9.648887290368431957e-01,6.560723686902659724e-01,9.125527239257218426e-01,-4.417753611610437670e-01,3.836059112095260848e-01,9.939409208915185312e-01,3.301726304350339203e-01,8.845007725973990098e-01,-1.708463138806008419e-01,0.000000000000000000e+00
-5.887160703191380851e-01,-8.294858049395531507e-01,6.265287758563736764e-01,9.213833732831552270e-01,-3.171384834928652197e-01,8.003736062722623945e-01,1.038800851879497111e+00,3.815175381284633405e-01,9.332085041623137123e-01,-1.432984448647242615e-01,0.000000000000000000e+00
-5.369256464621472436e-01,-9.327656878833157084e-01,6.922008780238910752e-01,9.146188526359031457e-01,-5.396931436348541000e-01,4.860889142175652822e-01,9.735573383258141478e-01,2.776273969272464170e-01,9.429310045370477011e-01,-1.787500741193171483e-01,0.000000000000000000e+00
-2.134353660153508192e-01,-9.079766828800001077e-01,5.594064733552589486e-01,8.322800846875699765e-01,-3.183829050511740588e-01,-6.634855225036629944e-01,9.622461442533590814e-01,4.328317233856597834e-01,3.681496925505366447e-01,-1.878712358792907489e-01,0.000000000000000000e+00
-1.031445971980249733e-03,-7.436373720922725417e-01,4.011105086272463427e-01,7.568098589500159568e-01,3.110673577398048728e-02,-7.617357407801701452e-01,9.891136715507057309e-01,6.538808154364098568e-01,-2.084229609910287773e-01,-1.639165587036505722e-01,0.000000000000000000e+00
-2.740743349614372382e-01,-9.482971179939029271e-01,5.151902922311009103e-01,8.438432340071421178e-01,-1.639984266714759054e-01,-9.987713299323029981e-01,1.016892942339860051e+00,4.976713020031461321e-01,2.636538806757716125e-01,-1.615028355988372688e-01,0.000000000000000000e+00
-3.174613906058153523e-01,-9.716881878462848565e-01,5.839957343592990791e-01,8.582160463439075793e-01,-3.390601035622134996e-01,-9.496422412196781071e-01,9.801086630819878520e-01,3.954862230684347835e-01,4.790960855068430724e-01,-1.800310063480398681e-01,0.000000000000000000e+00
3.013391100818701429e-01,-5.091414469385889818e-01,3.873425416413372457e-01,6.564158893511294890e-01,-1.089118890715956578e-02,3.519048242885938760e-01,8.344194261385718958e-01,6.602227211785626215e-01,-3.186402424112261822e-01,-2.091711772985747342e-01,0.000000000000000000e+00
3.896508650431184662e-01,-4.432593375754691478e-01,2.922612958052691612e-01,6.128659349750679164e-01,2.185954011283259835e-01,-3.383366197392824182e-01,8.476634300736973771e-01,7.856513964522200411e-01,-5.788769819678856177e-01,-1.886355438015745456e-01,0.000000000000000000e+00
5.270651910746902702e-02,-7.125904341006866760e-01,4.476068085739123847e-01,7.440975678295160822e-01,-9.491457776669454116e-02,8.286372914685417035e-01,9.248554418931234089e-01,5.726645096247573452e-01,-1.314027678162977553e-01,-1.918293479815571245e-01,0.000000000000000000e+00
2.353628524360431573e-01,-5.722949678570624643e-01,3.448642304917262091e-01,6.730009556417275718e-01,1.249126410773611084e-01,9.391451907610736116e-01,9.034245937481006905e-01,7.147897522401763792e-01,-4.563507127317122380e-01,-1.835030048187448470e-01,0.000000000000000000e+00
7.133453434802757842e-01,-1.954651558510862586e-01,1.463707346299840673e-01,4.356621284424065377e-01,4.867016651824708773e-01,-3.105922960602374716e-01,6.796219299010051174e-01,9.342327545190686200e-01,-8.612326687714494389e-01,-1.941354431590240903e-01,0.000000000000000000e+00
8.395421993293125107e-01,-8.183212154125636684e-02,1.531280166389005215e-01,3.522884136273763955e-01,4.727819608981980726e-01,-3.352528788422005079e-01,5.135888164398660916e-01,9.318338187444391574e-01,-8.336455916651022147e-01,-2.250567929641300313e-01,0.000000000000000000e+00
7.413869348862911490e-01,-1.813973005448921150e-01,2.425948603194753583e-01,4.253202797593369500e-01,2.565016472011591442e-01,9.936896122475016302e-01,5.729144731848314631e-01,8.446724433302108537e-01,-6.851396391066237879e-01,-2.369105941003392946e-01,0.000000000000000000e+00
7.863631253630425366e-01,-1.450234657206676547e-01,2.323152516629857223e-01,3.913403363145323555e-01,2.654923641392387679e-01,-6.491427413383316081e-01,5.243103472875424442e-01,8.568986455563900595e-01,-7.027949272695653837e-01,-2.431817610305190003e-01,0.000000000000000000e+00
7.188849257544925875e-01,-2.109107787840998616e-01,2.092589721688493110e-01,4.368304158139316717e-01,3.636190299368270429e-01,7.543639136424956648e-01,6.203867172268263674e-01,8.772928899175417294e-01,-7.666239710440709842e-01,-2.205483390718641912e-01,0.000000000000000000e+00
8.678839483872933247e-01,-7.219750856748531620e-02,2.311852423261144818e-01,3.160091416530518282e-01,2.076355960510609666e-01,-6.859782184929292814e-01,4.025341594926802324e-01,8.612695544341146814e-01,-6.930594867697398298e-01,-2.632041695521381564e-01,0.000000000000000000e+00
8.143989501965278599e-01,-1.327960458721719472e-01,2.241276288491587110e-01,3.643494596705183497e-01,2.762521153096874627e-01,4.560461372882166353e-01,4.878371013808168177e-01,8.653016977650345165e-01,-7.269033397201043467e-01,-2.477155006339480103e-01,0.000000000000000000e+00
6.636134505357619284e-01,-2.716053579082641223e-01,3.245085178442282947e-01,4.577347132301006760e-01,1.228704035654859528e-02,-3.658204470220351168e-02,5.879715228769017976e-01,7.386807631868163027e-01,-5.300475830492619167e-01,-2.539273582676563890e-01,0.000000000000000000e+00
5.451809891001261343e-01,-3.698342558482118347e-01,3.132632063840608549e-01,5.288002869779699910e-01,1.227205316404296198e-01,9.999180906714745243e-01,7.036010346285390682e-01,7.488503574171579968e-01,-5.811293472513030522e-01,-2.279091555637435262e-01,0.000000000000000000e+00
7.771859445725415316e-01,-1.828981893782576917e-01,1.947534193844008832e-01,3.893639797610949915e-01,3.874348107582336054e-01,6.460539622472961652e-01,5.544931071592810179e-01,8.910456291018851172e-01,-8.034034143477747358e-01,-2.294703194398646784e-01,0.000000000000000000e+00
8.063111588586343581e-01,-1.606411510046158453e-01,1.486405867889948884e-01,3.636075094584934608e-01,4.962393654347495575e-01,2.779866257550093200e-01,5.486913691938680726e-01,9.310941843495458281e-01,-8.766255974073580148e-01,-2.191588434113120598e-01,0.000000000000000000e+00
7.690008865414164063e-01,-2.007716840522855428e-01,2.098407099088446526e-01,3.918845061853091782e-01,3.483020025116985718e-01,-3.998076722701895402e-01,5.500170973589110224e-01,8.751894541237372760e-01,-7.856754954575879690e-01,-2.341983702403500345e-01,0.000000000000000000e+00
5.245037215802413888e-01,-4.033758165553692487e-01,3.461158095526128409e-01,5.283699343740061449e-01,1.955178732400464359e-02,7.223142855848265764e-01,6.914256052170946187e-01,6.999712330625365020e-01,-5.243373057248759128e-01,-2.381138831202006534e-01,0.000000000000000000e+00
6.910634721402970637e-01,-2.776152118094002974e-01,1.920003593963488797e-01,4.382360428049864587e-01,4.162910471361087605e-01,3.636097707160766968e-01,6.503113471923096522e-01,8.881525030367264373e-01,-8.366448924751865857e-01,-2.120991599211201062e-01,0.000000000000000000e+00
7.546666392061130990e-01,-2.287820111009779001e-01,2.703384723069494067e-01,3.916674934593277202e-01,1.538982497378675873e-01,-2.129705001646193252e-01,5.172408794322674863e-01,8.066028374253414457e-01,-6.786670154539597988e-01,-2.550686330979896610e-01,0.000000000000000000e+00
5.731343116452536357e-01,-3.797537075696804654e-01,2.420011523513412866e-01,5.032504024301728274e-01,3.198281589066531705e-01,1.894705524847030420e-03,7.244528441546851383e-01,8.304991947382346362e-01,-7.693167815712047553e-01,-2.090958516092057407e-01,0.000000000000000000e+00
5.533320618582573402e-01,-3.994312910837236053e-01,3.930564156397651221e-01,4.900696055418137798e-01,-1.861842823508558786e-01,-3.530698806227092756e-01,6.271088627528311754e-01,6.291205036933037453e-01,-4.181323673120273532e-01,-2.625722515065013196e-01,0.000000000000000000e+00
5.119229169349439612e-01,-4.338872956481921173e-01,2.993196921314876247e-01,5.325697039709829106e-01,1.826854273694700215e-01,1.677633082292126487e-01,7.310928177192868027e-01,7.572285880181894857e-01,-6.655363007054643232e-01,-2.202585908907606360e-01,0.000000000000000000e+00
4.600214758424978623e-01,-4.757977325787828282e-01,2.572096651476101226e-01,5.520674463398790310e-01,3.013801165856974107e-01,9.640122862952108518e-01,8.025531282133575584e-01,8.066543336272753439e-01,-7.631199644645650926e-01,-1.956623276150284141e-01,0.000000000000000000e+00
1.086863973336001793e-01,-7.235126555580663199e-01,2.998377712244284510e-01,6.713300167995988055e-01,2.082754764074172815e-01,-9.110385741994121434e-01,9.924716077332649267e-01,7.460473278978728695e-01,-6.849077169264785603e-01,-1.524241923020185352e-01,0.000000000000000000e+00
-7.446038259284101790e-02,-8.465389396515965448e-01,5.133653267871601811e-01,7.515678329392359025e-01,-2.534066608431175815e-01,-9.214564708222091616e-01,9.195011224724793930e-01,4.330590292160718668e-01,-8.759526919013391200e-02,-2.021719162392293656e-01,0.000000000000000000e+00
1.401009453692467210e-01,-7.084938722630654828e-01,4.219879326287910293e-01,6.815630763011681914e-01,-5.171924808455530265e-02,-9.978945589183003673e-01,8.822829374198017938e-01,5.690675066874416599e-01,-3.943829540071946971e-01,-2.042814631479821508e-01,0.000000000000000000e+00
-3.178921401187639884e-01,-9.774001466863770915e-01,4.588716953876968985e-01,8.156895323737335390e-01,-3.578489382503013960e-02,-8.449613751789939453e-01,1.052313873222279872e+00,5.155344018066864153e-01,-1.600287426018859871e-01,-1.398326855849726935e-01,0.000000000000000000e+00
-1.272352697322316484e-01,-8.834976531578441206e-01,3.913364281907429354e-01,7.552209022719340581e-01,7.191069483351708591e-02,-2.449925944555004231e-01,1.031085012896816089e+00,6.096133844731898010e-01,-4.510059396947092569e-01,-1.483946131001205870e-01,0.000000000000000000e+00
-7.816286327343167084e-01,-1.002388277856594151e-01,7.407523254746802843e-01,9.532889783391851335e-01,-5.006988326177749249e-01,9.999595601503036280e-01,9.372660284641242123e-01,1.612570950175453988e-01,9.858087810841063003e-01,-1.464928976041395825e-01,0.000000000000000000e+00
-5.851100846164907221e-01,-9.150413093513399820e-01,7.221801113383314874e-01,8.779436884913738304e-01,-6.471912029134565536e-01,2.917447736871000563e-01,9.228414353009739557e-01,1.592793396961504349e-01,7.934364259473700720e-01,-1.872656216354392500e-01,0.000000000000000000e+00
-7.286910947378265613e-01,-4.919591555424134843e-01,7.347554785785842535e-01,9.350460372017480593e-01,-5.386892646681074037e-01,9.477899694743703307e-01,9.338715967485174962e-01,1.558640999475325584e-01,9.809642936664313417e-01,-1.587832677723378105e-01,0.000000000000000000e+00
-6.263411057286717432e-01,-8.497635397519422984e-01,6.925366089055546848e-01,9.055375902544824385e-01,-4.984905363825640201e-01,5.797912672371423604e-01,9.500172881528314850e-01,1.918018308900606983e-01,7.753172867358553155e-01,-1.675480349090296694e-01,0.000000000000000000e+00
-8.952794281394185205e-01,9.969050557389493861e-01,8.213343094623584140e-01,9.779140449642915733e-01,-5.999101338892762758e-01,8.827662150976491873e-01,8.653633235510003185e-01,9.128840709802321651e-02,-1.312572363691875688e-01,-1.401082137860819310e-01,0.000000000000000000e+00
-9.621257336303060681e-01,-8.810226682992690073e-01,9.787486292482195926e-01,9.659321255667354666e-01,-9.629803645509145138e-01,7.792736943527781568e-01,7.263640625522300720e-01,9.962320346674944163e-03,7.986812227939632525e-01,-1.661354670430959246e-01,0.000000000000000000e+00
-9.024667109383986974e-01,9.995696871733786848e-01,8.000156251432982701e-01,9.784817487413051129e-01,-5.342369897866523498e-01,8.482412114200511555e-01,8.749178046403047748e-01,1.068365344310995974e-01,-1.307276359254845033e-01,-1.295554903486746956e-01,0.000000000000000000e+00
-9.848515916466294984e-01,-9.641601776556655290e-01,9.760201751382067137e-01,9.905646582404669109e-01,-8.394783281181269485e-01,6.363991043127605884e-01,7.061405110946351593e-01,1.381007944884002879e-02,-8.806075230545874072e-03,-1.469678625932690774e-01,0.000000000000000000e+00
-9.223479788322944684e-01,8.392475674936251684e-01,8.398256552885887682e-01,9.826027419490549475e-01,-6.130698606348650159e-01,8.169719624768321253e-01,8.350696860489835727e-01,7.231156869688828981e-02,-6.516932298646154198e-01,-1.361857944555373290e-01,0.000000000000000000e+00
-9.991799416626524488e-01,-5.331234493405531127e-01,1.049825122920412079e+00,9.882264101074056395e-01,-9.456579432196335899e-01,5.327491942129439773e-01,6.173071246141554891e-01,9.459995665905218893e-04,-6.766745265486122651e-01,-1.503175196518893308e-01,0.000000000000000000e+00
-9.982401968569739603e-01,8.181605618293085191e-01,1.096442997158618482e+00,9.882282107855184794e-01,-9.849849994440829093e-01,4.510236076835822949e-01,5.557307554360513269e-01,2.315616181799277397e-04,-7.542689053081209627e-01,-1.491659771671175194e-01,0.000000000000000000e+00
-9.971723861546807344e-01,-5.690558027766791094e-01,1.015666280234362784e+00,9.922763438192159224e-01,-8.756794546573416493e-01,5.373506628804874952e-01,6.416722619278084627e-01,3.829170634948780415e-03,-6.995301434721947764e-01,-1.443518750529298733e-01,0.000000000000000000e+00
-5.239423585337370515e-01,-9.760391251092680465e-01,6.238304703132995233e-01,8.714436494372591602e-01,-3.599588488603250314e-01,-3.584056852611001154e-01,9.698414276368223508e-01,2.473255833115307611e-01,3.482384726617198112e-01,-1.660496091365324667e-01,0.000000000000000000e+00
-8.581925080576706666e-01,4.790083399375622553e-01,8.660331238053227132e-01,9.302717635393061846e-01,-8.454311539723551316e-01,9.852759163742682569e-01,8.136911559507927771e-01,3.553665321457932791e-02,6.761981455194754353e-01,-1.722514254403015033e-01,0.000000000000000000e+00
-8.321245147231313144e-01,1.617678787001697871e-01,8.481449504371982862e-01,9.213733512317672236e-01,-8.280950218449667499e-01,9.993296932786179809e-01,8.274501355507222211e-01,4.227454463924741612e-02,8.852992545706700467e-01,-1.743740054395364059e-01,0.000000000000000000e+00
-7.988775283813673855e-01,-1.615715750040306875e-01,6.897221125728587587e-01,9.451113780682305343e-01,-3.667445097487876948e-01,9.979892874580876816e-01,9.459789804943590230e-01,1.789111260402019843e-01,9.652550706157676519e-01,-1.253132529432407216e-01,0.000000000000000000e+00
-5.658031845819786465e-01,-9.473983691806767693e-01,7.286210697716140050e-01,8.351075356281050244e-01,-7.184758520734731979e-01,-2.119009743292873116e-01,8.945804073122806122e-01,1.184690966885998675e-01,6.291145198850385256e-01,-1.975693593051464636e-01,0.000000000000000000e+00
-5.163617835056996119e-01,-9.801990334584042008e-01,5.506752680585620396e-01,8.652737249441008194e-01,-1.686204297574355193e-01,-4.649439973984746399e-01,1.017457637862530184e+00,3.342004768250931845e-01,6.367272694012372780e-02,-1.414470282298959380e-01,0.000000000000000000e+00
-2.027135599061942739e-01,-9.460460648500662595e-01,4.336581346323023500e-01,7.667250756366977837e-01,1.970983853698038413e-02,-3.367800154694775006e-01,1.012145336232122439e+00,5.030188153563746045e-01,-4.849902957830919958e-01,-1.577231412908704777e-01,0.000000000000000000e+00
-1.325298146015048695e-01,-9.170442587013261093e-01,5.012080997470208521e-01,7.383269055945920201e-01,-1.873330269499347001e-01,4.497590323525700873e-01,9.329724335674255409e-01,4.016199011708961319e-01,-3.260173103271625794e-01,-1.959297848748789428e-01,0.000000000000000000e+00
