-7.633148128047483327e-01,-6.802809352084855377e-01,-9.681475546780173858e-01,-8.724444151472388054e-01,-8.718927589498746134e-01,-5.972417315512419389e-01,-7.970483697531988154e-01,-3.899643504584456299e-01,-4.869930855684215798e-01,-6.128620263997960338e-01,-4.990550874902558581e-02,-7.097966081781429404e-01,2.257034478850777071e-01,-3.865808453633857722e-01,-2.272399813571608085e-01,-9.376313867309397920e-02,5.019382481268470642e-01,5.335631295790185247e-01,4.246476804304947228e-01,4.079440964535024361e-01,7.950012110165891599e-01,8.794109716009619326e-01,9.031361109050985991e-01,6.736530755037416496e-01,9.566593893316504005e-01,9.066433487195110219e-01,8.860845258836205218e-01,8.508419076078989063e-01,9.948632797531945515e-01,9.253757014572011608e-01,9.342716880962937953e-01,9.999683689647985707e-01,4.697223121443992455e-01,7.677044620156624477e-01,5.275303537180326963e-01,7.303577848819680085e-01,9.595507945748200929e-02,2.419406343333181386e-01,5.457524120397111433e-01,2.667687416830626379e-01,-4.177885723243505156e-01,-4.115172869570101200e-01,-4.515333667828483888e-01,-4.165540133267778833e-01,-8.829738380382516905e-01,-6.855173603427501261e-01,-7.793884270182213081e-01,-4.972613292667750207e-01,-7.456485790817078962e-01,-9.089676359636641445e-01,-6.729071800961903271e-01,-9.127351371368255251e-01,-8.418769300628086150e-01,-7.162705093914066845e-01,-7.944231210278756006e-01,-3.773528781271923704e-01,-3.747342367916514094e-01,-5.662537765710604631e-01,-2.735894250406635808e-01,-1.854377200661764535e-01,-1.523067077135615843e-01,7.882819761279774573e-02,-2.318935430852474000e-01,-3.044078223496687885e-01,2.848928898155800860e-01,7.701941672389458482e-01,6.464826553811894305e-01,3.993210040131561778e-01,7.640621182134895717e-01,7.924819419836346412e-01,8.163125046108513638e-01,6.750643079307532268e-01,9.406589118878362354e-01,9.384176388460866436e-01,8.252275961487459677e-01,8.190319966574201027e-01,8.095714757256152749e-01,9.696288216219637324e-01,8.334514438310267614e-01,9.381896240676239618e-01,6.669458586074525908e-01,7.512208945005177663e-01,5.437876370004715021e-01,6.133734602558118532e-01,1.570674820106787439e-01,5.974946863079186876e-01,3.767832124380701697e-01,2.313835241880529137e-01,-4.495083735195580799e-01,-5.006342746018066503e-01,-4.464047656172503986e-01,-4.919018892513953856e-01,-5.856271789276321638e-01,-6.697240944787803407e-01,-7.475010000680968325e-01,-8.203191352060721364e-01,-8.920953535622080377e-01,-8.671426647330481297e-01,-7.327817505914973051e-01,-7.970762496785259721e-01,-6.850509008024187052e-01,-6.085712857749270288e-01,-7.919897742020830522e-01,-6.510985718243377240e-01,-3.471212972694991961e-01,-5.509397588264772772e-01,-5.217082537842753220e-01,-3.189909056118744313e-01,3.065164178677686757e-01,8.403870347646483219e-02,-5.293009571094871024e-01,1.254473811352083829e-02,2.387795257220952025e-02,5.295118140258534556e-01,4.340175033104671232e-01,6.197600490565605691e-01,9.931945552411212130e-01,6.907369512695205049e-01,7.047057940247635210e-01,7.432213075004466818e-01,8.903568616619798037e-01,9.143695459517861002e-01,9.113074128245232108e-01,9.321651763386624712e-01,9.074575332951726470e-01,8.958598885319032368e-01,8.352945172087052894e-01,9.113392736459821064e-01,7.460127515511787433e-01,1.937744446237494311e-01,6.707597362594023283e-01,7.574129457750755634e-01,4.348763777647276507e-01,1.757095954454984954e-01,5.012364916896933087e-01,1.494755913666418190e-01,-3.605586156024939704e-01,-4.723864164045509240e-01,-5.640818232831028567e-01,-5.325473035448826664e-01,-7.150944385260891156e-01,-7.017880335642304734e-01,-6.735328882642018788e-01,-8.127741811241162573e-01,-9.121795350045829309e-01,-8.754884376543031754e-01,-8.524178279426223304e-01,-6.206197355974524266e-01,-7.372332703947971355e-01,-6.625129919497055875e-01,-6.648706530313160945e-01,-7.031970370591105191e-01,-6.544956764410978511e-01,-3.869352213358490666e-01,-2.846693535710158041e-01,-1.636916713992130623e-01,2.499842009046079200e-02,-6.679817843039893843e-02,-2.848539148969903012e-01,8.961992156252122921e-02,2.460404766434070578e-01,6.370075583630111504e-01,5.791537106012281111e-01,3.868688907214083428e-01,7.147220403915899301e-01,7.040247773711476587e-01,7.714232905594027301e-01,8.472924959818990409e-01,9.129199866507227146e-01,8.681683533385353702e-01,8.212667339086939799e-01,9.623649807522988153e-01,8.879764570427878256e-01,7.528771111704676278e-01,7.549344703249900590e-01,9.416558591128296740e-01,5.621427693743074050e-01,5.797930311983042762e-01,6.235627178538980520e-01,6.809735238477439001e-01,2.523176617894025142e-01,-1.492708261922897905e-01,2.348962001244420394e-01,-6.136994019231344771e-02,-3.161235120765819029e-01,-2.456461901711367857e-01,-5.662442958652731395e-01,-4.388133458823836319e-01,-7.454308384781308527e-01,-7.378764436705746999e-01,-7.929359279433458862e-01,-8.361958471155322981e-01,-7.363109648172087018e-01,-9.041799620561603579e-01,-7.822233811151539928e-01,-6.707604879831602362e-01,-8.517731003363733233e-01,-6.247324561385642072e-01,-8.524767622352097396e-01,-9.445008834335402170e-01,-1.555235003355239787e-01,-7.724840608798081432e-01,-6.645204167393096994e-02,-5.895629706511854584e-01,4.309641289548415966e-02,1.402829511293291476e-01,-1.187508285069692124e-02,-3.451857174336466771e-01,3.156195287598739796e-01,3.033436424783195196e-01,4.031332844243414870e-01,3.511327510757861203e-01,7.521404894017034160e-01,8.472595369225039974e-01,6.640613865568816276e-01,8.730274142974814300e-01,8.387916042937709760e-01,9.566391882094886778e-01,7.829380686033687864e-01,8.406565714440455972e-01,9.336168786798313413e-01,8.734269541864823072e-01,9.681548690032197868e-01,8.543848178984188024e-01,5.629657065594391163e-01,8.061845090111281475e-01,6.189920954140928355e-01,6.950010439599135781e-01,1.679365065362448395e-01,-1.701347213203518657e-02,5.988921847032679935e-01,7.636986529849859595e-02,-1.267808187884352233e-01,-5.026703672314929428e-01,-5.058081696468017530e-01,-7.533221674237979837e-01,-8.156275028878706701e-01,-8.529412566535004014e-01,-5.931207091152339572e-01,-7.607098224666564157e-01,-8.747912219248733523e-01,-7.565112600850507629e-01,-6.294174390569499122e-01,-9.617495191295148960e-01,-6.654585653661779787e-01,-8.705265597434516112e-01,-6.163197490041694149e-01,-8.605525365048237729e-01,-4.575768723568485880e-02,-3.110302106348975526e-01,-1.998698424230472004e-01,-3.848053970144855729e-01,-1.658917296684045140e-01,-4.104862235256111214e-02,1.773226340231930376e-01,-3.448363241105760479e-02,7.249260164909876458e-01,6.131692217001019074e-01,3.219082132931305740e-01,1.606798296030703121e-01,7.097311509934908225e-01,8.778563939140038297e-01,9.102851694539566552e-01,5.748615936575800500e-01,9.086230393359849833e-01,9.558117484118545670e-01,9.539688166507419576e-01,9.498305732583389727e-01,9.831856468200663723e-01,8.442997789045280088e-01,9.432119743280016344e-01,8.235880132393053055e-01,6.476244376602737773e-01,7.294225096710091893e-01,5.662078787687595538e-01,5.029985917737921364e-01,2.996571697751184704e-01,-6.735378510224795945e-02,-2.052481201490314322e-01,1.068795000470890433e-01,-4.633070357937316697e-01,-3.858250024896235919e-01,-6.498266250065131144e-01,-3.915483058067983912e-01,-6.572824015115927843e-01,-9.213893061436152498e-01,-7.279562164469074448e-01,-9.867702187939858538e-01,-7.787414081994968873e-01,-8.257849707742241918e-01,-7.034144468121823479e-01,-7.910202971355753121e-01,-8.824473624276466532e-01,-4.461043751420540326e-01,-6.278487836881202488e-01,-7.156753973189723395e-01,-4.786495005083021281e-01,-4.734368929377858470e-01,-4.728844815662127665e-01,-3.329444931118768491e-01,-4.741009899568568095e-03,-1.459276544560620531e-02,-2.953162571466298389e-02,2.764051603230707199e-01,6.142471003034879473e-01,5.956027061128774669e-01,3.787853959483977184e-01,5.961489349373636504e-01,8.111085226153051941e-01,5.470707227403093231e-01,6.024279791580141596e-01,9.135700581071979354e-01,8.540029147604670801e-01,8.049416628322497713e-01,8.285598592345676527e-01,7.504669868583246917e-01,9.098289930201763909e-01,9.249616610835954544e-01,8.503637027173759355e-01,8.857072432760877412e-01,8.260783501798877326e-01,7.438451797830178958e-01,3.152795937728094522e-01,7.246871556533838188e-01,3.043231738551378518e-01,4.266124092245817123e-01,3.200159633836380246e-01,-3.370848716023530645e-01,-6.381447459380505949e-01,-6.431999359725431020e-01,-4.863049518901586543e-01,-3.091950057423361042e-01,-5.972915992057582502e-01,-6.440738624440471849e-01,-4.749979792724332017e-01,-7.079826764862994226e-01,-9.408712819335383060e-01,-9.145458930427824429e-01,-7.765414846285410011e-01,-7.142692618591977016e-01,-5.465803000015347912e-01,-6.508513129139794628e-01,-6.130583625088367183e-01,-8.177223938683780835e-01,-4.901647757118722248e-01,-5.095382151072085364e-01,-5.452392742302082373e-01,-5.300160656316642571e-01,-1.260693226516317877e-01,7.791762456896403344e-02,1.429121511473102103e-02,-2.139488463208087110e-01,4.627585417722227534e-01,4.170122917739098045e-01,6.587982398355547442e-01,5.397348635688651308e-01,7.860182498096951464e-01,8.191752556704018362e-01,8.619729497935491036e-01,9.017374234141375400e-01,9.686234673377005500e-01,9.764680467669305530e-01,9.509829026824505593e-01,9.705407240370718114e-01,9.603720043198398226e-01,8.776071458929393110e-01,9.899350399275732570e-01,9.561228162163472044e-01,5.131643160031634787e-01,4.389937685825656688e-01,4.882578647064305111e-01,7.123810056111101741e-01,4.125604809962032937e-01,-2.167204478192042427e-01,-5.232579099493987057e-02,5.734413973050606073e-01,-6.851024196647332865e-01,-3.697795746634521263e-01,-3.589817226507483472e-01,-3.631193430462798521e-01,-8.143281868390984668e-01,-7.793530016268469529e-01,-7.743737369993141106e-01,-6.336018826867235720e-01,-7.348846303535503388e-01,-6.354902296527765726e-01,-8.524187169771325623e-01,-8.789958309475383036e-01,-7.058709595481081900e-01,-7.487966697726536891e-01,-8.312894833569590691e-01,-6.786654872320965204e-01,-1.868517205871288167e-01,-3.625242213545950554e-01,-6.336270684464729852e-01,-3.207878493006072751e-01,2.085362462897844271e-01,-3.866111680350306501e-01,2.530394639349624053e-01,4.029613152511390961e-02,4.823766935528009947e-01,7.691546350449299796e-01,5.966018281938171297e-01,3.677882934483376332e-01,6.840362729866796832e-01,9.332481991235012098e-01,8.067610228232036107e-01,7.123575960830813569e-01,8.541705142764316472e-01,9.146140848214482366e-01,9.527321564263860898e-01,7.396749400545725717e-01,9.999991424810122931e-01,8.753711133146646617e-01,9.473052642470842777e-01,8.574639895892085528e-01,7.378150435087443837e-01,6.820769595399919227e-01,6.166981399322599700e-01,5.168264135532494308e-01,2.750234400360853093e-01,2.689703918471050836e-01,1.027647497131295024e-01,-2.065264124961310038e-02,-4.690118702682646301e-01,-2.270135955983689502e-01,-6.374382314636436453e-01,-4.241000494662500175e-01,-7.257937848620594767e-01,-8.457294157573964632e-01,-7.882718747180721408e-01,-7.363501477318029620e-01,-7.554872959175287228e-01,-7.544832839181709883e-01,-8.269956407565093315e-01,-7.512865936602304284e-01,-7.603362950862846414e-01,-8.494738790157769781e-01,-4.801619648119733741e-01,-8.402194797644858548e-01,-1.640292503296275073e-01,-6.021290192162962462e-01,-4.321063148572074630e-01,-7.443577638990968026e-01,-1.065147811981746601e-01,-1.090153802243801207e-01,2.631182434698579597e-01,-4.009157322845819382e-01,7.736004419067582516e-01,7.010891385234560014e-01,3.183296977596851152e-01,4.429745092207393875e-01,8.757675923340231261e-01,6.797925925152799032e-01,7.331608011144794546e-01,8.687597301214463608e-01,8.907762564612138334e-01,9.116244975639925530e-01,7.550891206103783615e-01,9.921109539520106546e-01,9.022174597526920747e-01,8.854817883748846707e-01,9.401296693932886805e-01,9.668150060108019472e-01,6.345757789621703227e-01,6.404674053894369168e-01,4.735836026377432395e-01,6.748403354512156893e-01,4.182957210767845324e-01,2.523492175678735405e-01,1.178991988912237859e-01,-6.977998772453161691e-02,-5.071596505988618109e-01,-6.716830025889194422e-01,-4.861477830841773873e-01,-3.507480384446627353e-01,-7.673913458646725028e-01,-6.959417154466911448e-01,-6.950309147858431125e-01,-8.335068109583291251e-01,-4.481315963924036860e-01,-8.702493119222159956e-01,-7.750802476524806250e-01,-7.238191127681377068e-01,-9.142019174473772214e-01,-8.525977525422184788e-01,-7.066933666598452790e-01,-8.296449010260639190e-01,-2.749946208414516535e-01,-6.226047316339305970e-01,-5.787697425186004718e-01,-8.299297884825299620e-01,2.286306683469404577e-01,-1.732488858704801238e-01,5.197418011505789553e-02,2.018943801443395525e-01,4.096175329303475277e-01,-1.789406385555624701e-01,3.106343332866273177e-01,4.005558735059522313e-01,7.505486181424756431e-01,8.081160161934735076e-01,8.051400800566389515e-01,8.905502040358113103e-01,9.648883324103834092e-01,7.970387753403310738e-01,9.826242711736573598e-01,9.633187125857963773e-01,9.881273255207657646e-01,9.897373193269033420e-01,9.735645593107440376e-01,8.849432939937602605e-01,5.581252790256644447e-01,6.706811286026261865e-01,4.786581744800106342e-01,4.556016181849102953e-01,9.765417953101292181e-02,-9.286131560255647677e-02,-4.321784875801872039e-02,1.962576900975180616e-01,-6.019054971856008240e-01,-3.220170301301034099e-01,-2.188860915614752045e-01,-5.660617864132106991e-01,-7.615474363696246307e-01,-7.663991125234188573e-01,-7.548606037070133556e-01,-7.430104159065284986e-01,-7.010987497683452974e-01,-8.578497929173862779e-01,-8.501774838133198120e-01,-5.835915889748027885e-01,-9.946826389529397350e-01,-8.120351272682447830e-01,-6.471937628729188541e-01,-9.447115025763304086e-01,-4.856169648302092745e-01,-2.991277163512823800e-01,-3.467431558450839030e-02,-5.256153447501691334e-01,-1.783618074494960348e-01,-2.976577738675738050e-01,1.613029427752790956e-01,-1.199366616405765223e-01,4.715551088727431006e-01,4.514577129850381176e-01,2.512837128368274886e-01,6.339440324799329174e-01,9.629986988641264789e-01,7.664157042300205891e-01,7.348879238264506286e-01,7.195081734198502943e-01,9.665427660075689431e-01,9.424309612511529988e-01,7.131260639376461041e-01,9.365306674967521783e-01,9.487525521682678153e-01,7.856355683519571365e-01,9.918341324558686001e-01,8.755277101420605446e-01,6.269172570649731435e-01,7.248512110784431917e-01,8.180160743279311086e-01,6.853249638145560985e-01,4.216514816508278862e-01,2.760476616630050395e-01,5.751481874447636478e-02,4.673519674589481365e-01,-3.995099199885946972e-01,-4.483029239287147916e-01,-4.177139271249259989e-01,-6.249455005013209163e-01,-6.530793785218220737e-01,-5.221129173443769256e-01,-8.045408261965478758e-01,-7.785941260136612918e-01,-7.498578106741973226e-01,-7.390037879192925541e-01,-7.928273768973513880e-01,-8.812033332311413059e-01,-5.826301856253666145e-01,-7.565035242234101620e-01,-6.468109810631701428e-01,-3.954080563520697700e-01,-3.217811937533461286e-01,-8.286243352875893864e-01,-6.428149696104368260e-01,-3.944535669187145266e-01,-4.775777631596219569e-02,-2.723933633818596545e-01,1.673747180420499109e-02,2.461229276479562009e-02,3.513658117965365868e-01,2.158327609287032378e-01,3.257547850302320858e-01,6.704347371987377791e-02,6.779716586840440762e-01,7.660081149067167194e-01,7.947983003293365156e-01,7.778755213551235004e-01,8.665949760074267427e-01,9.291938927967109407e-01,9.653184423413220250e-01,9.215355240748901444e-01,9.126711798715746449e-01,8.418508708825617193e-01,8.491094659292771629e-01,9.917302411095867409e-01,5.717130583808540667e-01,4.229622554973740400e-01,5.831756729815291695e-01,6.706360600602598865e-01,-4.729395094110548647e-02,2.533021129829051699e-01,1.349068642226673442e-01,1.047063225449016283e-01,-3.756303375604624906e-01,-4.980132704405220712e-01,-5.614347856521213487e-01,-6.142553694031579470e-01,-8.624091822462566226e-01,-8.755508771869884299e-01,-9.153461364325746752e-01,-8.458545830393828791e-01,-8.569178840531135322e-01,-7.499844759445770670e-01,-6.125937567092378799e-01,-8.842385689679664873e-01,-6.198776754512307363e-01,-6.840239447841687248e-01,-8.099230925271569959e-01,-8.530666586007622509e-01,-3.170684757822461175e-01,-4.122969698433597285e-01,-2.759562587940693201e-01,-4.734345626839631116e-01,1.351103432349827216e-01,2.376586349636551077e-01,3.110729689206781935e-03,6.384964506691789832e-02,2.745602192059903857e-01,4.892959003295702658e-01,5.675173954150061206e-01,6.391724010267759715e-01,7.752928454013412463e-01,7.055800337723974192e-01,5.949677464696021545e-01,7.972562840850718757e-01,9.299336199179277784e-01,9.670798084296629016e-01,9.429405586522050520e-01,8.215102203323764174e-01,8.618664419190126269e-01,9.042492184933889066e-01,9.372865472096438832e-01,8.375645745467774628e-01,4.989105992106114829e-01,8.168029997951889998e-01,7.987870308086841842e-01,5.640208434350240108e-01,4.334530485402449118e-01,4.450266862867046647e-01,2.817024876490417107e-01,1.521678184148038127e-01,-1.319966309335128540e-01,-2.623905390136346272e-01,-3.870484036579252551e-01,-3.728904627279772122e-01,-5.242172431144144218e-01,-4.460482866842750971e-01,-7.805499091950981461e-01,-7.970714582092187639e-01,-3.181770783874461328e-01,-6.572657640692975978e-01,-7.089049740941488764e-01,-5.150939370853482302e-01,-8.709063825842777717e-01,-6.205271554473609230e-01,-5.775446570528932622e-01,-6.502616515224801663e-01,-1.065431035041207626e-02,-4.278604030903962463e-01,-1.082687084741363187e-01,-2.554954519812466240e-01,2.054150167561781815e-01,1.695798065498169416e-01,3.030232456406516395e-01,6.426451949859196544e-02,6.576332718809503319e-01,6.840098217650031343e-01,5.927327273715403688e-01,6.343056382899704415e-01,9.570358426579004263e-01,9.935467935206095946e-01,8.009806732669163543e-01,8.612558443605845548e-01,9.130034298469126286e-01,9.489296006804660566e-01,9.898812147730361444e-01,9.881582640401407325e-01,8.783397621030110125e-01,9.778726176440754037e-01,9.991892609369631417e-01,9.280786226885242574e-01,8.063118288960731128e-01,7.674444863622632562e-01,8.997861952963434051e-01,3.933693897180765564e-01,1.368253813804369279e-01,4.698858509442437881e-01,3.727941450594645101e-01,4.289503008641058490e-01,-1.667470245140361962e-01,1.478098455193882499e-01,-3.604756292065258716e-01,-2.791473910420361887e-02,-9.074156414758783873e-01,-8.127609131270094878e-01,-5.761408531709601988e-01,-8.193711426196171876e-01,-5.740371170199390916e-01,-4.718438362860900015e-01,-7.031046163536659455e-01,-2.795698356638660620e-01,-5.191155394094838504e-01,-5.311009277396125938e-01,-3.629216014074564400e-01,-6.670466027831463141e-01,-5.179281671882766253e-02,-5.028255326791268853e-01,-6.975411259445683798e-02,1.005192941536285495e-01,-1.192478880215180198e-02,1.382064818103073169e-02,3.293426742270560426e-01,-2.011319401004928523e-02,4.051981798055123707e-01,8.037658341408715490e-01,7.696137059804250002e-01,8.315073563964002767e-01,9.280193911547205410e-01,9.989476418712566197e-01,9.731203272601364196e-01,9.027583156044876045e-01,9.999406485431239222e-01,9.657214843135684124e-01,9.997891079297942518e-01,9.953621646997777850e-01,9.651884023583706673e-01,9.236509948461590902e-01,9.999847831049097913e-01,9.955286479528461241e-01,5.973951819125227214e-01,8.357665911991728480e-01,8.753767443704532081e-01,9.864700667424316505e-01,5.162542548769620820e-01,3.640189046384891269e-01,5.032118026511390729e-01,5.179754285681930082e-01,-3.964264573302871408e-01,-1.084122571902259857e-01,-1.061733537807645900e-01,-6.110689469657699241e-02,-1.474591269982397645e-01,-5.920238544716343032e-01,-6.052344247362171359e-01,-3.768170487575575600e-01,-3.901629110098560616e-01,-4.970805632386413597e-01,-6.188462651028960870e-01,2.802603251879759449e-02,-4.973463362117725994e-01,-8.151857974011841868e-02,-6.510709232950702141e-01,-6.313201218139572468e-01,4.191332546998508685e-02,-2.079059184408842686e-01,-2.431021507502256068e-02,-9.719575203297740884e-02,1.680948118682243642e-01,3.521310335093179034e-01,3.679329074431700874e-01,2.847842071823663002e-01,8.775070025745390634e-01,8.010142919587313060e-01,9.179326887644599919e-01,6.558988216990793152e-01,9.967646650990481527e-01,9.956314767074860850e-01,9.729500221459770337e-01,9.475230774949362500e-01,9.374454477529570173e-01,9.819946905079049992e-01,9.999743233254755337e-01,9.990399921377898229e-01,9.811764494392622993e-01,9.989387024369469348e-01,9.972848609998189451e-01,9.654321240823423578e-01,8.650293949170694274e-01,8.931360404639006045e-01,9.757999181206673533e-01,9.832306294135747526e-01,4.311919756092464362e-01,-3.640322807647120573e-01,5.520053220043471542e-01,4.950193335941814876e-01,-2.194425507023159139e-01,-1.339645982195555307e-01,1.265843950864033729e-01,3.629556752732642222e-01,-2.308795456695610093e-01,3.082655387518342671e-01,-1.947275050414531139e-01,-6.494697455524197638e-01,-3.965807351075268383e-01,-4.756621736462335881e-01,-3.725995118873993706e-01,-1.412891505213912657e-01,-2.100195030689011311e-01,-5.835017388517717979e-02,-7.644832394163571243e-02,-4.073354683597828485e-01,2.971709829433383798e-01,1.574176845545140757e-01,1.870223066955927285e-02,1.745971111563844880e-01,2.091660509186966388e-01,5.103358322569085948e-01,2.182894866380526433e-01,4.944958361700267369e-01,9.972604061754916094e-01,8.274307550389039534e-01,8.621159755878605724e-01,8.165113330523764423e-01,9.996240839925372157e-01,9.982968430328689191e-01,9.996218212198040298e-01,9.999936854416466847e-01,9.783300515100691319e-01,9.983150109243598136e-01,9.932877116786081872e-01,9.474542173734296080e-01,9.991446774191767854e-01,9.685509347502488930e-01,9.031067064298146096e-01,8.943114785424115531e-01,9.662400551120989833e-01,8.647847684249116984e-01,9.607555845498748637e-01,9.607684147055164381e-01,6.664999943654634773e-01,8.141900234374003231e-01,7.395772727690901327e-01,9.209050388912273233e-01,2.523673155456404027e-01,4.038026550079341082e-01,2.779179125473193457e-01,1.417180388041288930e-01,-6.314629539371888756e-01,9.321409539144975831e-02,1.935432698977352373e-01,-2.543642473867838150e-01,9.993561350125114429e-02,-2.439128558880670483e-01,-3.594211101157814281e-01,-1.700371557461256150e-02,-4.389803916940606121e-01,1.257958954957544284e-01,-5.179560392932767154e-01,1.107838695757424191e-01,3.757691634152494076e-01,3.120843076519555503e-01,3.886670735306660407e-01,6.719867215312980147e-01,7.310812755199060931e-01,5.379593601594780949e-01,7.334091373282950466e-01,1.002328778875964388e-01,8.846748049936088432e-01,9.384313349973202323e-01,9.752775580360839580e-01,9.649255392384927799e-01,9.921672211294193522e-01,9.300014998854594372e-01,9.415889632479009785e-01,9.924429766929097063e-01,9.973284696156876628e-01,7.948722300092044835e-01,9.213947222496348122e-01,8.723067591058280001e-01,9.881782334899796849e-01,8.589716992590342715e-01,9.269683725967858834e-01,9.944093969232986607e-01,9.987977804316512387e-01,9.983144060567131772e-01,9.909299529447681554e-01,9.992416459942663476e-01,8.246089030845071832e-01,8.266743872861210818e-01,8.419935241916660651e-01,7.846085199569210467e-01,7.851726414188604508e-01,1.305839668230150130e-01,5.253141430673341494e-01,9.090213733798542528e-02,-3.305113962515568438e-02,-1.397134738944113552e-01,-3.702479037177439092e-01,2.689815547658732653e-01,-1.388435176601134913e-01,2.315351477511036205e-01,-2.107489442326532514e-01,-9.655668355128621538e-02,-1.428509685323453016e-01,5.418460627577836863e-01,2.157336073961744205e-01,-1.583157584796274220e-01,5.435368741867666054e-02,4.619393723389839113e-01,4.980258266804744038e-01,4.373598365865377091e-01,5.095725956755093877e-01,8.232414902601092876e-01,6.955911334097791832e-01,6.548547906318613609e-01,9.840654006053334291e-01,9.544897693181392251e-01,9.822268918723443543e-01,9.999484323084211201e-01,9.199174895994680634e-01,7.959908896734112504e-01,9.634330708004994470e-01,9.926781433425505563e-01,9.690953301364033656e-01,8.458547581145277050e-01,6.713184186104026452e-01,5.292703423528495321e-01,3.069360260975886878e-01,3.533276879780112290e-01,5.820857773823666648e-01,5.125063665870482899e-01,5.199115537304985768e-01,7.628007833087419032e-01,6.215636942868713044e-01,8.050349198581217003e-01,9.881157117854375560e-01,9.615181622095755332e-01,9.975352559693410059e-01,9.974172837958757976e-01,7.886867624777210706e-01,6.317698485997417235e-01,9.103695849683655084e-01,9.939318277716346905e-01,8.828122064157191140e-01,9.358591707138099736e-01,9.333703715637639009e-01,7.182802311097304937e-01,6.989344049870549469e-01,6.888706671492507150e-01,4.408071226317136770e-01,7.747992874741563840e-01,7.616757871046148098e-01,6.815901290940817869e-01,9.536268090631271344e-01,3.264170742067081243e-01,8.662729969569364918e-01,8.554611777958892604e-01,8.859453012915620151e-01,9.483682819128207431e-01,9.999587914307694891e-01,9.654466190013543114e-01,9.989762492348882583e-01,9.740665537187181977e-01,8.083853536226436320e-01,6.233423182360434689e-01,2.379835849079313947e-01,3.498252856268073141e-01,1.246466559551860087e-01,-1.604893321914346027e-01,-3.285609883723288327e-01,-1.763553408576914450e-01,-3.567156379982596159e-01,-2.946477323018164007e-01,-5.771706066374334698e-01,-4.620376155076845182e-01,-7.145109234556620836e-02,4.516563116109608561e-02,-4.977027014596338006e-01,-1.618839151632204543e-01,-1.798100910093999305e-01,1.980393321989910582e-01,-7.766853478816965195e-02,4.748946304983099088e-03,3.892956743387813168e-01,7.343616191477344568e-01,8.612513128077754487e-01,6.258563846918925311e-01
-4.472888360851268175e-01,-3.825514728602437131e-01,-6.992032653754195470e-01,-5.530654955566561837e-01,-5.524344671913617999e-01,-3.253874344064907609e-01,-4.767371368061347203e-01,-2.016269226672263992e-01,-2.570328724726120839e-01,-3.356966447424616362e-01,-2.496571613850339516e-02,-4.045145172592699012e-01,1.140778740201039837e-01,-1.997550620446432168e-01,-1.148717629770772825e-01,-4.696777948203364333e-02,2.659118673425865387e-01,2.850657209022056104e-01,2.210297459905272710e-01,2.116350300353874447e-01,4.748839408166641296e-01,5.611556221717932669e-01,5.906377865633769542e-01,3.777536124942722506e-01,6.749536741658624939e-01,5.952920025522778769e-01,5.691288335307875812e-01,5.292996160503574687e-01,7.854438006758831525e-01,6.217878687550236760e-01,6.355382843022528983e-01,8.457587290455660378e-01,2.468989694730699680e-01,4.509978927436876228e-01,2.813714981651633806e-01,4.204535458091286371e-01,4.806995593424655266e-02,1.224860037273422103e-01,2.925916396546581755e-01,1.354284255824041439e-01,-2.171602130597694857e-01,-2.136366508696486977e-01,-2.363638342140994275e-01,-2.164654956505277783e-01,-5.653839455598618224e-01,-3.863753563453887208e-01,-4.610421315342447812e-01,-2.631219443800696389e-01,-4.326923366490276757e-01,-5.984248597748318410e-01,-3.772165461846798129e-01,-6.035893913472709649e-01,-5.199484979170271304e-01,-4.094726081826141062e-01,-4.743622894456858141e-01,-1.946676582563472424e-01,-1.932286433324922059e-01,-3.054460646588091910e-01,-1.390034824891934473e-01,-9.339364614693752842e-02,-7.652530268417888359e-02,3.946526668895022905e-02,-1.172783710877629559e-01,-1.552725639670509139e-01,1.449480143673162191e-01,4.531169221559415705e-01,3.585456351315312040e-01,2.068220778043679542e-01,4.479178712123787487e-01,4.726159340928891006e-01,4.946534382740720992e-01,3.787713216507825331e-01,6.459927497641828609e-01,6.422632872168997364e-01,5.032617751919338245e-01,4.972567858830702070e-01,4.882820617345138836e-01,7.026253810214847517e-01,5.113995906101358457e-01,6.418876831970883323e-01,3.729447017529121666e-01,4.372412244062117148e-01,2.913728400147383990e-01,3.360373079487187775e-01,7.894194710389278169e-02,3.255529446992868059e-01,1.943544387301868182e-01,1.170144477710676062e-01,-2.351992552971739203e-01,-2.651329501760141261e-01,-2.334174957224471048e-01,-2.599376634281735376e-01,-3.178368757199384609e-01,-3.749310681861240391e-01,-4.341990846282504646e-01,-4.984957650131801588e-01,-5.765136273892950136e-01,-5.470564622900017104e-01,-4.223707620213806857e-01,-4.767624391266270245e-01,-3.860335102738958746e-01,-3.328465387518372842e-01,-4.721744519955694552e-01,-3.617591172130113497e-01,-1.781733370445577336e-01,-2.958202756219827645e-01,-2.778248395391824666e-01,-1.630422630484671120e-01,1.563930329026010091e-01,4.208137552220378441e-02,-2.824536928106738953e-01,6.272574714232339449e-03,1.194039479509272431e-02,2.825826816331140634e-01,2.263429812893096305e-01,3.403086285492263330e-01,7.768117200652828735e-01,3.902170599446947441e-01,4.006528478957145922e-01,4.307260905666978612e-01,5.743569640035753876e-01,6.058645462390237491e-01,6.016193510472004347e-01,6.322023361988760026e-01,5.963849280317956580e-01,5.812442911550093072e-01,5.132507985167501507e-01,6.016631400732931345e-01,4.329881281986412422e-01,9.765830203524691888e-02,3.756735274477604469e-01,4.423548934527217757e-01,2.268316254294817091e-01,8.842792517554549925e-02,2.654925771130853818e-01,7.508924785516050970e-02,-1.854732242804363607e-01,-2.484536509532796478e-01,-3.040720692845459427e-01,-2.844422806512115764e-01,-4.085678930646426954e-01,-3.984539221976776124e-01,-3.776670352471478975e-01,-4.912948658292534132e-01,-6.028208408108403082e-01,-5.565724255180661828e-01,-5.309722890813459717e-01,-3.408860510686571588e-01,-4.259137747704935251e-01,-3.697912987334639467e-01,-3.714660390726389760e-01,-3.995145056814953799e-01,-3.641366842404370474e-01,-1.999509476725453982e-01,-1.448302096388521532e-01,-8.230835074876810542e-02,1.250083780117071906e-02,-3.343019927917331713e-02,-1.449274736614443448e-01,4.488521405887790222e-02,1.246157998269546152e-01,3.520093556864278272e-01,3.136689825945206400e-01,1.999142796723441806e-01,4.082817933801549670e-01,4.001386839472052537e-01,4.541672190793283881e-01,5.255644806539992997e-01,6.038456320542515687e-01,5.482094502294274641e-01,4.994107451033044098e-01,6.865394524050202341e-01,5.714316521286965100e-01,4.386028363741876213e-01,4.403004725494492622e-01,6.476741425476847391e-01,3.028479017385390382e-01,3.140793473793883073e-01,3.428672568720875780e-01,3.830555267367187211e-01,1.278822091508372560e-01,-7.498541304559812326e-02,1.188330128197934571e-01,-3.070908785873012123e-02,-1.615107082283182283e-01,-1.244108524056307813e-01,-3.054400606359997661e-01,-2.290750357391873604e-01,-4.325155800755221547e-01,-4.264280875872474286e-01,-4.730236274445539513e-01,-5.141598848036036395e-01,-4.251773210821008786e-01,-5.920140473812535165e-01,-4.635185644274549821e-01,-3.756740667615903750e-01,-5.302869003038037654e-01,-3.436566716446913805e-01,-5.310350151082144921e-01,-6.525524937684771265e-01,-7.815794805821126012e-02,-4.550758970084791133e-01,-3.325664914024073493e-02,-3.203849076624675773e-01,2.155655127547120506e-02,7.043163623269549367e-02,-5.937715873521627954e-03,-1.771258011672058041e-01,1.612417140184951858e-01,1.547074507002835497e-01,2.089468701125607453e-01,1.803474840166639781e-01,4.379966938898957052e-01,5.255300023366133999e-01,3.708905665634667503e-01,5.537338687945196902e-01,5.167920767448913599e-01,6.749140374365537598e-01,4.641453816997276327e-01,5.186963591304342147e-01,6.344956716300960142e-01,5.541928080525497791e-01,6.992199691884366519e-01,5.330726727729209191e-01,3.033671541441959607e-01,4.851232758990269289e-01,3.397933194295409409e-01,3.933784026771018905e-01,8.446801582782734186e-02,-8.507249121719890825e-03,3.264681738580736958e-01,3.823145304753981094e-02,-6.360423839778725497e-02,-2.663495533385124014e-01,-2.682284011772397836e-01,-4.389694875513320826e-01,-4.940007316793623704e-01,-5.315298352829536110e-01,-3.226974866372908091e-01,-4.451037120381209911e-01,-5.557654130401628034e-01,-4.416062962464279984e-01,-3.468296754338074939e-01,-6.852498335516248318e-01,-3.718845131661396852e-01,-5.508775529199775312e-01,-3.380037823025515697e-01,-5.397527329446114575e-01,-2.288883286451716056e-02,-1.587949125977466958e-01,-1.007820252133144051e-01,-1.987742429549773648e-01,-8.342744176664008970e-02,-2.053152151817343174e-02,8.925052928731304347e-02,-1.724608988131376419e-02,4.161874213925937371e-01,3.359012414777433619e-01,1.646024556617338153e-01,8.077716950801518137e-02,4.044646591466517505e-01,5.593303774206822565e-01,6.002185542478157831e-01,3.109209969958647846e-01,5.979578746888314367e-01,6.732982770781578141e-01,6.697524220192594413e-01,6.620377356124622636e-01,7.388553412288507705e-01,5.224488865531526915e-01,6.503273858596726464e-01,5.016624181527851167e-01,3.593387002192183211e-01,4.197160326221491822e-01,3.054169986317761265e-01,2.665458618291318138e-01,1.527517293549582045e-01,-3.370878646092889674e-02,-1.035423372427123345e-01,5.356758985488735414e-02,-2.431675985151195429e-01,-1.993373899390417370e-01,-3.608716682492057459e-01,-2.025044419937315210e-01,-3.660951705107312049e-01,-6.158928551359806880e-01,-4.185622654286341171e-01,-7.506917042405314433e-01,-4.604791466518798893e-01,-5.038071828140664454e-01,-3.996783682461795828e-01,-4.713063294608086928e-01,-5.647551038338229912e-01,-2.332452435277901082e-01,-3.457652475176401508e-01,-4.090145816956055613e-01,-2.521206892293506030e-01,-2.490675132799072267e-01,-2.487446436420933382e-01,-1.705231926786433261e-01,-2.370516050366829660e-03,-7.296706453158772684e-03,-1.476849673226598818e-02,1.404819408106909306e-01,3.366197044938749050e-01,3.243161242291840440e-01,1.954557267144639565e-01,3.246729391642945162e-01,4.897247912202916109e-01,2.934106735501287311e-01,3.287901474922167444e-01,6.047489395246352650e-01,5.326637612361380114e-01,4.839710658021363354e-01,5.065355785736569416e-01,4.366228894274689631e-01,5.995960294959339354e-01,6.211683866849447844e-01,5.287938082271445017e-01,5.686719165878378890e-01,5.040946139004645055e-01,4.312305985765264027e-01,1.610603115067301416e-01,4.160007594312851165e-01,1.552276038155821769e-01,2.221412201233412820e-01,1.635902412286281971e-01,-1.727521493567668598e-01,-3.527896544663750023e-01,-3.562720659191154771e-01,-2.566265531349039009e-01,-1.578178113800744187e-01,-3.254200595488439540e-01,-3.568763909023835446e-01,-2.499806417130327751e-01,-4.031348529006268389e-01,-6.463497368327681958e-01,-6.061113223522927029e-01,-4.585710051618399619e-01,-4.079341822933201245e-01,-2.931058680661108862e-01,-3.615864852792790018e-01,-3.358273991394743474e-01,-4.960006927649995290e-01,-2.589084522423023005e-01,-2.704681828200935501e-01,-2.922731122917783253e-01,-2.828912483579249515e-01,-6.324489314418972608e-02,3.900822418900033034e-02,7.145911629327039716e-03,-1.080162760698632485e-01,2.428493742333128202e-01,2.167233186649449028e-01,3.671635976805658896e-01,2.888657882869845595e-01,4.668586190056775997e-01,4.973944665276596733e-01,5.413120397799824346e-01,5.888053030138610255e-01,7.002940667616789350e-01,7.196094222236995019e-01,6.641532574442615688e-01,7.047729529802053694e-01,6.823999716185652487e-01,5.590388211078780589e-01,7.625242441888241407e-01,6.739039388798413466e-01,2.726522135774636646e-01,2.291779861318679612e-01,2.577802457984467721e-01,4.064873607995270755e-01,2.142218404080241667e-01,-1.094436990720293740e-01,-2.617783770522172371e-02,3.100143975856789469e-01,-3.860712542281415360e-01,-1.905114209641120548e-01,-1.846140230350565847e-01,-1.868699610896851770e-01,-4.927659902326586572e-01,-4.610112860460066075e-01,-4.566998244105537896e-01,-3.496791749509061686e-01,-4.240408648747338582e-01,-3.509699604074219548e-01,-5.309732352214306950e-01,-5.606670500346973007e-01,-4.015338594011302331e-01,-4.352561851651971514e-01,-5.092411165577980237e-01,-3.813777763850669800e-01,-9.411636924957815509e-02,-1.865451912449434535e-01,-3.496963706987129550e-01,-1.640030412511895852e-01,1.052318563272967716e-01,-1.997718217552634234e-01,1.282582435924068676e-01,2.015488660664103288e-02,2.543111646559158556e-01,4.522307909868379383e-01,3.249689467139496024e-01,1.894213696021646298e-01,3.852907639592966782e-01,6.339108997479452334e-01,4.856589960042631549e-01,4.064694526226750870e-01,5.328431472714454387e-01,6.062068167247269823e-01,6.674122730142821869e-01,4.278695207160178038e-01,8.407631502673503787e-01,5.564364664573248076e-01,6.574842048485561863e-01,5.363894779192419637e-01,4.263789625361423252e-01,3.838596563331127531e-01,3.382568288478573493e-01,2.748646933294149886e-01,1.397562491547010566e-01,1.365814584590555325e-01,5.149596602708213927e-02,-1.032723840652888074e-02,-2.464848924061957269e-01,-1.147547722926761660e-01,-3.523047365763539718e-01,-2.207201902020110851e-01,-4.168662145115050177e-01,-5.239334388496077466e-01,-4.688560420727115874e-01,-4.252085828367879183e-01,-4.407578269297414142e-01,-4.399275790423584631e-01,-5.049948744351256957e-01,-4.372951524942630397e-01,-4.447913485269412992e-01,-5.278547768727156475e-01,-2.530088207147173085e-01,-5.182490549605517360e-01,-8.248003139274671935e-02,-3.285934635969327555e-01,-2.252566194333602279e-01,-4.316455595197265516e-01,-5.338392166461251864e-02,-5.464337693038703869e-02,1.335185980720899335e-01,-2.077103300474750780e-01,4.560344713669082228e-01,3.979287391292931630e-01,1.626889234436854348e-01,2.314525728111215264e-01,5.568961776126296614e-01,3.821963752844549922e-01,4.226713305532642240e-01,5.488762727061616831e-01,5.748756576933063966e-01,6.020554991374010845e-01,4.404283642576977686e-01,7.717522633453046677e-01,5.894327366529577006e-01,5.683992357777154503e-01,6.451058639330112809e-01,6.961909002571334826e-01,3.503445035654700890e-01,3.543868885270898272e-01,2.491532833626702581e-01,3.786096655222183083e-01,2.174457521188276621e-01,1.278986467427738194e-01,5.912139296558574508e-02,-3.492546539984747733e-02,-2.690391286418093997e-01,-3.763363481400693877e-01,-2.565337806300216905e-01,-1.801387901148950865e-01,-4.507321876556072970e-01,-3.940786289222920624e-01,-3.934006223971076577e-01,-5.114550521639052993e-01,-2.344083912316545781e-01,-5.505626118087761922e-01,-4.573086995775189623e-01,-4.153230704382559479e-01,-6.056302064813380293e-01,-5.311638291658843380e-01,-4.021567087768612714e-01,-5.076084453440870004e-01,-1.397411170010554315e-01,-3.422215751465784717e-01,-3.134226536526583673e-01,-5.078907026083310239e-01,1.155906096957602519e-01,-8.717360885520321345e-02,2.600173282224881380e-02,1.018206284530885353e-01,2.125719150174030514e-01,-9.007596988327046250e-02,1.585840749280763573e-01,2.075098190187224523e-01,4.366897970859470735e-01,4.869212546475418235e-01,4.841547674436248450e-01,5.745959594653728963e-01,6.919386445901899441e-01,4.767284298325850100e-01,7.371176376670274255e-01,6.885585621243917043e-01,7.555754417100004616e-01,7.617361788078278462e-01,9.526293528500641150e-01,5.677490326273065824e-01,3.003189725565088564e-01,3.756171346579012527e-01,2.521257797683227886e-01,2.387084349936354766e-01,4.892451732385608848e-02,-4.651439784450647069e-02,-2.161733998712733404e-02,9.893031188527660891e-02,-3.284464529240312403e-01,-1.646606904212445099e-01,-1.105598210338915866e-01,-3.053244905386167107e-01,-4.458050410154159038e-01,-4.498913558709393690e-01,-4.402394007563539269e-01,-4.305556836285058808e-01,-3.979359574974035696e-01,-5.368075819636909385e-01,-5.285970599289270266e-01,-3.165232157714766292e-01,-7.844492681993787686e-01,-4.905973663774156335e-01,-3.590394206858635862e-01,-6.529185249509720235e-01,-2.562205360364179230e-01,-1.524710894064186528e-01,-1.734150278281848187e-02,-2.802029390774004591e-01,-8.978063845175232593e-02,-1.516922535516088133e-01,8.109387377122169449e-02,-6.014922570955628933e-02,2.479682008572133833e-01,2.363202962939464635e-01,1.273437147777348732e-01,3.499128262770972442e-01,6.878782232328459756e-01,4.499054014403264246e-01,4.240434855790884416e-01,4.119726154321063927e-01,6.955828273591113664e-01,6.489912718775380229e-01,4.070576931722323377e-01,6.391754180895354853e-01,6.600803156628171076e-01,4.665204793239772219e-01,7.705149199078699107e-01,5.566179500675498826e-01,3.451341171648718564e-01,4.161289549759782935e-01,4.962819805118577343e-01,3.862343289974129457e-01,2.193374106375678145e-01,1.402941438128894325e-01,2.877725746970385620e-02,2.455182635280115655e-01,-2.069272595235559786e-01,-2.345067665780016519e-01,-2.171181932740258169e-01,-3.438005679714418172e-01,-3.631441335201884835e-01,-2.780707688911393527e-01,-4.836002407805497505e-01,-4.603511070008090567e-01,-4.361239263468718597e-01,-4.273310503013348916e-01,-4.729261049448204579e-01,-5.632747888889757526e-01,-3.159037591003981404e-01,-4.415998796671524174e-01,-3.587735639820964217e-01,-2.046460749792080591e-01,-1.645344830393578595e-01,-5.065992360174074172e-01,-3.560060758869427744e-01,-2.041160244236645271e-01,-2.389024636152960179e-02,-1.383759286793641019e-01,8.369224389541773598e-03,1.230769985663057210e-02,1.804739310161435351e-01,1.089864038890171610e-01,1.666627136340008142e-01,3.355319137856056788e-02,3.808745326186303570e-01,4.495605020924346995e-01,4.747007570887503691e-01,4.597269913244337314e-01,5.464426308227272600e-01,6.275834930191200867e-01,6.928777690345522267e-01,6.161064037210185473e-01,6.035007962922477320e-01,5.199217095826144108e-01,5.274710159048909830e-01,7.700558133512457326e-01,3.089128618777941537e-01,2.200773788834433919e-01,3.162551535154762283e-01,3.755848055302480337e-01,-2.365800572339003122e-02,1.283950974123124200e-01,6.771132016933441300e-02,5.247333528716985329e-02,-1.937208471770853202e-01,-2.635697926651289213e-01,-3.024015182892486053e-01,-3.366252197791229084e-01,-5.417925451434031370e-01,-5.566448086210858959e-01,-6.072343815207131845e-01,-5.240637420253548839e-01,-5.357986210783085568e-01,-4.362276261739790884e-01,-3.355180328282276747e-01,-5.669004201123521991e-01,-3.403875993121672217e-01,-3.852817461873226934e-01,-4.886115886917840045e-01,-5.316635588947069557e-01,-1.620152282804782351e-01,-2.140739863411792177e-01,-1.402461331209972906e-01,-2.490661510316780070e-01,6.781423487492885260e-02,1.202645511043539950e-01,1.555367980180542191e-03,3.195198733716520662e-02,1.395130442973442353e-01,2.583941822186440196e-01,3.062468087081005597e-01,3.534957643114166603e-01,4.574921022967046169e-01,4.013137267152399046e-01,3.239016160982634562e-01,4.769258702799118455e-01,6.317297912784199942e-01,7.027484434728387130e-01,6.601378408898358474e-01,5.163585729490338672e-01,5.610306604262236263e-01,6.145252224712445255e-01,6.645097335428016283e-01,5.488867696446217970e-01,3.099211791708881281e-01,5.369886618974947234e-01,5.252516080708179436e-01,3.632499519734001536e-01,2.921637153798581354e-01,3.034087209381668981e-01,2.208926548102433662e-01,1.603484013354496418e-01,2.351247685971234389e-02,-3.987441110693678431e-02,-1.036527613948065168e-01,-9.069090754536558718e-02,-1.778749170046597383e-01,-1.258194182075218770e-01,-3.656258806524658733e-01,-3.791723038536240487e-01,-4.176028105716097366e-02,-2.511876732740665474e-01,-2.877080394357227067e-01,-1.439686159675674371e-01,-4.440019686486358919e-01,-2.068281920895608250e-01,-1.716551874975106029e-01,-2.203428633632542877e-01,1.532201029383096214e-01,-6.428208439920574113e-02,1.132331781769322504e-01,4.125598150731561026e-02,2.771104999944919989e-01,2.643542437746802531e-01,3.349020873939399512e-01,2.220672396133329396e-01,5.345274214366431131e-01,5.550345193153579659e-01,5.045792105042714581e-01,5.328264543391653119e-01,7.981034134363949040e-01,8.742077619706585256e-01,6.536219872570899758e-01,7.052526056551209344e-01,7.566938381919710022e-01,8.009883832762406675e-01,9.658589387236208301e-01,8.717974750566959141e-01,7.375055586982922629e-01,8.551765040373516813e-01,9.176170572310247131e-01,7.948237848415983242e-01,6.957599513869956454e-01,6.726036602304191758e-01,7.756985624888468323e-01,4.792986723181530406e-01,3.609292287892060247e-01,5.239589376382783881e-01,4.815829428662561362e-01,5.127705755687923528e-01,2.325284011395347961e-01,3.890376595975804652e-01,1.364200532233673657e-01,3.137025703017098932e-01,-3.516834061125889699e-01,-2.091482028830640716e-01,1.266013408188279045e-02,-2.109977151998328748e-01,2.044232258459480547e-02,9.474774341037756065e-02,-7.750208334403207999e-02,2.161741006473438809e-01,7.509679963495696775e-02,7.017139147253390052e-02,1.801960747658085671e-01,-2.717840412775940698e-02,3.512655339215394190e-01,1.056919415580676314e-01,3.514225992352097983e-01,4.356767738786340161e-01,3.885967516214510198e-01,4.053999971384592005e-01,5.511294573021154886e-01,3.983908519536800696e-01,5.927956070535053135e-01,7.890365745041149070e-01,7.730933428390667217e-01,8.117547118268950701e-01,8.788516646335592375e-01,9.648066778127158960e-01,9.242747884075892539e-01,8.683519852575338760e-01,9.746693788787869073e-01,9.228634387552717699e-01,9.816476091381073354e-01,9.919215040598057254e-01,9.997103802451071664e-01,8.974593460154423052e-01,9.813149772262761417e-01,9.679210953762330538e-01,7.409175820169933147e-01,8.541593370905353755e-01,8.780571129427191535e-01,9.597194401744185699e-01,7.213244051006647561e-01,6.631510908776960811e-01,7.218882964618629217e-01,7.308067003121291316e-01,3.211647443642431377e-01,4.761351479085029759e-01,4.810500373158976828e-01,5.048723508659878068e-01,4.682186159528191616e-01,2.044060265816259048e-01,1.973075360224834929e-01,3.574858783613414914e-01,3.526169593638978639e-01,2.880265498316843531e-01,2.001991450970739550e-01,5.710530779476951091e-01,2.997187265228634656e-01,5.299299134145762924e-01,1.869664620377141928e-01,2.073521874031488410e-01,5.930522756059251055e-01,4.841317221181727359e-01,5.728129442779309466e-01,5.439398936289069342e-01,6.586462622382861509e-01,7.310246957866181061e-01,7.401973894534722431e-01,7.130944824756201283e-01,9.323582360852512574e-01,9.040022545406549703e-01,9.526784069083676920e-01,8.555786106050911055e-01,9.950247460636213459e-01,9.945403850626903797e-01,9.826420966964060089e-01,9.721501443225666339e-01,9.692388767525631499e-01,9.928547372254935555e-01,9.999532963215630454e-01,9.997902517669073896e-01,9.906982159175664604e-01,9.995222670996699588e-01,9.984720749653777094e-01,9.790994997915010156e-01,9.550953282122771615e-01,9.654539258976236882e-01,9.930816375093088899e-01,9.959681062460857826e-01,8.326808392647847556e-01,5.212101525716504868e-01,8.734993037867304633e-01,8.594963222742904030e-01,6.067093922664967831e-01,6.486185136559825537e-01,7.516625305313601180e-01,8.303149464450975126e-01,6.146885513525514044e-01,8.185408135927376705e-01,6.378358761200401128e-01,3.540176612745112861e-01,5.411072286155043098e-01,4.958716862703341222e-01,5.607906336904586730e-01,6.759849697624654707e-01,6.486104297572066191e-01,7.145533049640890866e-01,7.105050334659844813e-01,5.571222538640001609e-01,8.407453971060567799e-01,8.011303143343587729e-01,7.577107150520657752e-01,8.111242687336179813e-01,8.242644188445086284e-01,9.078805345147075156e-01,8.320756860680592615e-01,9.078480612823381923e-01,9.954789953242324518e-01,9.815444292592249154e-01,9.883785171479256837e-01,9.818777780090740537e-01,9.895301912273222200e-01,9.790480040405507012e-01,9.880232793060442775e-01,9.845889788240540508e-01,9.482520938130717392e-01,9.885140581790818892e-01,9.642667344227929815e-01,9.118525248054218935e-01,9.844794126931029066e-01,9.301672319525977617e-01,8.629127900354878200e-01,8.516947291130222419e-01,9.975541442017055171e-01,9.977402313259217115e-01,9.976130489621124475e-01,9.972417474014222405e-01,9.777124546557205420e-01,9.955699669827419163e-01,9.889406481007343430e-01,9.995602633642060031e-01,9.083836802512080810e-01,9.411291685942173579e-01,9.170269251495469787e-01,8.874392712667513727e-01,5.294430281812474437e-01,8.788693567558125697e-01,9.051095722035635838e-01,7.680068465845169001e-01,8.861809847326345135e-01,7.775042240913526692e-01,7.273542440708458123e-01,8.597116715067598669e-01,6.899031910183163196e-01,9.014424917850825114e-01,6.453952444118772336e-01,9.010234664372053226e-01,9.556011026366698635e-01,9.462119745017233408e-01,9.602301341314837257e-01,9.941447316651196298e-01,9.980579113154735005e-01,9.833118734810541994e-01,9.987382959101034352e-01,9.136780674671991509e-01,9.957721023626853185e-01,9.862878834248194337e-01,9.711946430212750059e-01,9.753689026257290617e-01,9.540647013346075234e-01,8.098841727139627356e-01,8.209990776611713059e-01,8.933281285902878732e-01,9.377671359892719716e-01,6.486669824462187872e-01,7.858283564959093193e-01,7.275598299259795620e-01,8.721209330938221038e-01,7.060130313394928914e-01,7.798336617171879315e-01,8.784106544759009427e-01,9.163552017061109556e-01,9.165283047482120082e-01,8.629109830927159663e-01,8.882810778475650482e-01,9.901742307413037292e-01,9.892592080894447859e-01,9.864084520403713086e-01,9.927948033473998901e-01,9.920961980142477543e-01,9.639172504294239996e-01,9.992213900696866880e-01,9.600419739389076668e-01,9.383852303869506528e-01,9.146883294773597850e-01,8.378252436675582837e-01,9.863295366728836999e-01,9.196985068529929253e-01,9.842373118896650119e-01,9.032001484275108405e-01,9.344799688867881926e-01,9.248306896329684390e-01,9.998348793731122175e-01,9.861757050908507294e-01,9.253292087279233469e-01,9.684126232520023914e-01,9.999040724987616757e-01,9.999301756265489560e-01,9.998084360385297575e-01,9.996153475191054127e-01,9.687063481090956163e-01,9.877479472215072720e-01,9.910276701468072602e-01,8.857321721228282874e-01,7.213913053795416586e-01,8.837047836231967102e-01,8.254642958498111804e-01,6.638280031404422132e-01,5.158026155702499782e-01,7.177884389383433206e-01,8.522968413557335809e-01,7.203280840857444467e-01,5.561152085637929288e-01,3.558721802349175123e-01,1.835697863174527988e-01,-1.242378640945801249e-01,-5.836597219758273697e-02,2.365096719345525789e-01,1.481149105787004649e-01,1.537134927330585099e-01,4.297239547663406212e-01,2.670461398086553806e-01,4.679854936495571049e-01,7.142803423474304303e-01,6.572514606979964480e-01,7.890800776838219344e-01,7.358631443052860988e-01,9.323956633084978796e-01,9.661662327922050375e-01,8.793195703613735370e-01,7.876057551050370531e-01,8.889759894125768280e-01,8.552226169552590296e-01,8.546713477883758348e-01,9.401399401007890511e-01,9.436955936946018753e-01,9.445187779012969020e-01,9.837894488330952703e-01,9.179852993543441420e-01,9.204379940602613885e-01,9.401309120816977449e-01,8.188374342329783895e-01,9.910615345274822463e-01,8.720404412741155076e-01,8.748860124901891577e-01,8.573113277005447452e-01,8.105452988487433785e-01,7.017808824030622450e-01,7.858910407712634827e-01,6.731566575905407745e-01,5.901133092743928721e-01,3.648711676352514033e-01,1.601468379225337024e-01,-2.974522612315696479e-01,-1.588597964951320718e-01,-4.557064552150458803e-01,-8.608044808354053945e-01,-9.999404528167392670e-01,-8.787089047147282894e-01,-9.961874929036181880e-01,-9.882546195327067684e-01,-8.233486349407317939e-02,-8.395309047407853997e-01,-7.365112304988054026e-01,-5.778064275809442485e-01,-7.302802011876053934e-01,-8.534686820411883090e-01,-8.742502967687340032e-01,-3.886662110737347242e-01,-7.451537542330497477e-01,-6.379900988549770391e-01,-1.780789393431737033e-01,1.767733802617776073e-01,3.106227058500607985e-01,5.710965766199688209e-02
-2.456397724328483745e-01,-2.326677775783853042e-01,-3.316092298060200338e-01,-3.479425482186820351e-01,-1.782649985133075154e-01,-2.896752850778434030e-01,-2.569136047964805103e-01,-1.451113594490867631e-01,-1.262496147015058356e-01,-2.232267262978621658e-01,-6.646429412595034059e-02,-1.404428386233976256e-01,-2.687512368021723747e-02,-6.382605421672268853e-02,9.652371665649431276e-04,7.044964905558656620e-04,1.297142653661734202e-01,1.139079073067880143e-01,1.070980122145498981e-01,1.226356286121344924e-01,1.744915723875849201e-01,2.733681011313729425e-01,3.891431255448737359e-01,3.371861943477680867e-01,3.590908766369276250e-01,1.896325609428812231e-01,2.955114903881853050e-01,2.591588402957420989e-01,2.599974651647261048e-01,2.188307582121404860e-01,3.880283501729909212e-01,5.175044305707633407e-01,7.469868003754184804e-02,2.341706037113448491e-01,1.587307080480744870e-01,2.479114946871133485e-01,-5.236501907759089774e-02,-6.867309030948719195e-02,1.777273700280150859e-01,1.772070109635951463e-01,-7.274287190840102169e-02,-1.894871470466193419e-01,-4.465173256743350250e-02,-7.693683700270953496e-02,-3.350831144413675133e-01,-3.094987585548170661e-01,-1.960267655085858596e-01,-7.636704033664414026e-02,-2.161212349378053843e-01,-2.335716626730339196e-01,-9.830699012977529849e-02,-2.984017184232859998e-01,-2.050538975391231755e-01,-3.046603001658595988e-01,-3.222252073931153316e-01,-5.412014691149302781e-02,-1.016585659122067747e-01,-2.010580217623970101e-01,-8.500474212394325269e-03,-1.201156118454640154e-01,-8.499063332990747233e-02,-1.715271343716894686e-02,-7.144805415236367419e-02,5.231816814789748415e-02,3.106002535699275285e-02,2.652958378355607660e-01,1.761352814803869848e-01,-2.506711426588054126e-02,2.850287692971611997e-01,3.009320670724096036e-01,2.074330272984279966e-01,1.419449621692214780e-01,3.878209253112986366e-01,2.709283210738934189e-01,3.260003659981018931e-01,2.581796839478928129e-01,2.324487247905357712e-01,2.759694190693194882e-01,3.106102527620801523e-01,3.624030299648930975e-01,2.907503761953511567e-01,2.730844222743311622e-01,1.356907751366566717e-01,3.155572427696747284e-01,2.782817129183864577e-02,3.980411783246382007e-02,9.137659308905796141e-02,-3.701790527516073126e-02,-1.680250955103886057e-02,-1.277909390188623207e-01,-1.384189207019194401e-02,-1.710951656987947378e-01,-2.055066987780237997e-01,-1.872011044963635129e-01,-2.419730920519212458e-01,-2.052053546316120469e-01,-2.242812860111994544e-01,-3.457094471534116753e-01,-2.822449439208581934e-01,-2.482299425015236372e-01,-2.879622246903602023e-01,-1.409341371543730848e-01,-2.346317444416224363e-01,-1.929530246333097110e-01,-1.065241788642719428e-01,-1.215174084307202862e-01,-1.420115704127922207e-01,-1.237209719957633458e-01,6.281373661297069699e-02,-2.138543690536201178e-02,-1.015837753701938490e-01,-5.468860104063281297e-02,-1.509060024794678725e-02,9.365939669437760295e-02,1.205286779487090287e-01,1.664809183696912276e-01,3.688647387071044004e-01,2.386374902224023820e-01,2.681418570057385597e-01,1.058567270002446770e-01,3.784233787715582942e-01,2.560471046472590495e-01,1.182950571455518574e-01,1.967272153509879717e-01,2.530917319475726179e-01,3.087623553225631867e-01,2.570122460688994970e-01,2.478043137721453459e-01,2.418377812731785648e-01,-4.912355210118336118e-02,1.503069865810588157e-01,3.509326056599428867e-01,1.573554526978419021e-01,-4.434371815666140332e-02,8.857102331535773865e-02,2.443863460249012798e-02,-1.467550439000965823e-01,-2.716051408612017437e-01,-1.516083347180821328e-01,-1.484334918352991639e-01,-1.114396680274580970e-01,-2.376331371301775020e-01,-1.849980576963188295e-01,-2.020324863542529992e-01,-2.626288411099354514e-01,-2.642477941580488321e-01,-9.753832854323882251e-02,-1.157233185306931339e-01,-1.656276900373240268e-01,-2.308423569641867568e-01,-2.241869736559048698e-01,-1.115749887525854939e-01,-2.204080977484195181e-01,-1.898449025264094536e-01,-1.018106044766709101e-01,6.725214595223778791e-02,4.418454860330776196e-02,-4.205683198609873330e-02,-2.960322318829146371e-02,1.349581784418618091e-01,1.097687007791901120e-01,1.142501184499881972e-01,2.333216237019632988e-01,1.137814508122276941e-01,1.367413573514785485e-01,2.471391143420495484e-01,2.217927908899078593e-01,3.753510748471781122e-01,3.050565717524237330e-01,2.561893042132101783e-01,2.197273615140070691e-01,3.394407074435019656e-01,1.200580325354918265e-01,2.073256349973995882e-01,2.392306750541083882e-01,3.605697301556741730e-01,2.837606990082004454e-01,1.497881946345155091e-01,1.131053973152117559e-01,1.551148510640968092e-01,9.315034045159374665e-02,-1.394467361730021004e-01,-6.105065800969804168e-03,2.443473415086518802e-03,-1.463201469358846318e-01,3.843426056217615766e-02,-1.959655576516712849e-01,-6.146037608910141781e-02,-2.196680820153471825e-01,-2.245249496034184278e-01,-9.743340571136940853e-02,-1.819125603119743362e-01,-3.008288497503343040e-01,-2.212533190319539711e-01,-2.296911918311500822e-01,-1.103808659364480249e-01,-2.836753339572394284e-01,-1.291051895354844992e-01,-3.208087421694287844e-01,-3.651577307767214786e-01,5.162156879127206832e-02,-2.948380618732414638e-01,3.016277079729302174e-02,-1.365435616719971879e-01,7.443085953734199234e-02,1.254147219721498674e-01,-5.487105358747293438e-02,-1.371082976898353456e-01,6.462991499937217887e-02,1.732462052893425364e-01,5.288576766486245695e-02,1.077549463606849861e-01,2.273823038646184402e-01,2.561445001813837941e-01,1.559661543179464149e-01,2.857450788413252174e-01,3.896393020147406183e-01,3.705199535457348592e-01,2.783340112189479632e-01,1.848104548926287061e-01,2.722568151377853796e-01,3.297926837751969376e-01,3.734316253561859034e-01,2.535899692691465646e-01,3.080367597482914221e-01,3.053493583456112215e-01,3.077061437045253145e-01,2.937248056503152238e-01,-1.204030008351029274e-02,4.391435125915306437e-02,6.761854507646797297e-03,-4.074386635967984505e-02,-7.432787487441516738e-02,-1.220628116603460211e-01,-7.198296548696979380e-02,-2.466323108198864578e-01,-2.573125199416734232e-01,-3.298225211522987088e-01,-8.655693374958173258e-02,-1.943900163856618346e-01,-1.023610536287987149e-01,-1.169699936488763914e-01,-1.387859172082483994e-01,-3.644300316084549407e-01,-8.861334059623054982e-02,-3.096651596104577631e-01,-1.655908072999769665e-01,-3.443727103832462388e-01,-2.387632508969063372e-02,-1.470985556032292085e-02,-3.468785311799618687e-02,-8.406344109322061442e-02,2.580946805089671253e-02,-9.407355138808695671e-02,6.971179289815881974e-02,-1.310301219313336207e-01,3.193726615790744017e-01,1.486997510315763438e-01,5.846128392277521318e-02,9.675459207588928134e-02,2.400133518733306159e-01,2.819716904314700789e-01,2.769324982403076341e-01,1.494110045106063489e-01,2.281126642542090910e-01,4.314341595075544822e-01,3.234539459271715822e-01,2.797901044934312798e-01,3.355476386091679197e-01,1.973366254871389835e-01,4.200969427147370761e-01,1.663948746703720338e-01,2.539925678219338012e-01,1.477951977235553438e-01,9.449968258834190449e-02,3.254229668334682191e-02,1.412906252142231978e-02,-1.200821179267673317e-01,-1.698434017928585893e-01,-1.811205605630958684e-02,-1.431537974840271232e-01,-7.979235910311797964e-02,-6.940338239434057366e-02,-1.659176042674331275e-01,-1.361505403510783752e-01,-3.430143619351598283e-01,-2.298987557316907182e-01,-3.053691563759797223e-01,-1.984451078967270354e-01,-2.574466688143699500e-01,-2.209217971067493902e-01,-2.547438130794762445e-01,-2.737055954865119656e-01,-1.762265752433736510e-02,-1.400256277299088414e-01,-1.407268142998686078e-01,-1.342300627685033831e-01,-8.939862969283232652e-02,-1.649921535854242949e-01,-1.386554090803084616e-01,3.604280539300373093e-02,1.234358213759932134e-02,-2.043264242681534781e-02,-9.293633260357120340e-03,2.008940501493186592e-01,1.591422910343886776e-01,1.349566653050781051e-01,1.205838809921010446e-01,1.267762730158915885e-01,1.800375989137825428e-01,1.609931695920221451e-01,2.618618608533317960e-01,3.003367178221863498e-01,7.160446808016948661e-02,2.935993194909860549e-01,2.142123306470682109e-01,2.129413891296904615e-01,2.879242888774352083e-01,3.708869345974145082e-01,3.091877926863347836e-01,3.637633654868885902e-01,2.588933577346759218e-01,-1.467518071935043633e-02,2.478055885789840485e-01,2.366853386401003567e-02,1.066536472236104260e-01,-1.412019298234648557e-02,-8.882017742724640508e-02,-1.065163246085273074e-01,-3.000633748290263969e-01,-4.223967238406106661e-02,-8.214997306013571698e-02,-1.549609040475860566e-01,-2.145121294902080644e-01,-2.783269666287083166e-02,-2.578422236499358644e-01,-4.182723893340092314e-01,-2.372609237735321952e-01,-1.587174917321480805e-01,-2.307751961576163524e-01,-1.207510708021983237e-01,-1.314188621813759950e-01,-2.375161087216998701e-01,-2.904632422336009823e-01,-7.666485449009580178e-02,-2.984892007081551002e-01,-1.793715742228556009e-01,-2.015834747455509945e-01,1.127565240309501005e-01,2.768353197915794303e-02,-8.247976207921899061e-03,1.043000216424538190e-02,8.979441100602070236e-02,-4.625129042520714773e-03,1.817793197022402329e-01,7.673379010002943923e-02,1.793522452035586079e-01,1.857916338985907689e-01,2.704081304296804267e-01,1.878442914548300036e-01,4.002926584475000049e-01,3.242453579621611959e-01,4.013705822606705720e-01,3.465632316514382083e-01,3.612945068082178413e-01,1.656769900788279126e-01,4.465062636310246358e-01,2.060132569701483285e-01,1.302969967563432641e-01,2.581118452818264020e-01,2.223279482080020020e-01,2.910258330391189974e-01,3.773865704844117652e-02,3.929663194915097857e-02,2.933343047542153262e-02,9.255332006372940512e-02,-1.742884838189993346e-01,-1.025319359480498099e-01,-1.204191010730945727e-01,-1.633310134799181579e-01,-1.147001644621177818e-01,-1.750988591789701676e-01,-2.535581013910863102e-01,-1.393945425296389540e-01,-1.664466046734415228e-01,-1.206223475530726758e-01,-4.443863781344228325e-01,-3.075667309301221009e-01,-5.125140546355111404e-02,-1.401946307822408422e-01,-2.353281592740216199e-01,-8.001629154244453701e-02,-7.314892371330919407e-02,5.768756420897437620e-02,-2.528512173003601982e-01,-1.127273499851350752e-01,1.766252936194831480e-01,-6.782021246281896842e-02,-1.418599233865326659e-02,9.509951346026942337e-03,1.004129437464975350e-01,8.050835472168157980e-02,1.383810106457344646e-01,1.972390994280808219e-01,1.936320304357240785e-01,1.305323105228130831e-01,2.640213457512308182e-01,2.823472795855321293e-01,3.516026907955027703e-01,3.050775435714861428e-01,3.442820077630724396e-01,2.341930462601216345e-01,4.317330792226977687e-01,2.739348363381496343e-01,3.868785908970213683e-01,1.972341376543020885e-01,6.375529540540345041e-02,2.277499865072631358e-01,1.736676895057727710e-01,1.504524645210182643e-01,1.532786666040369949e-01,1.116729685245909376e-01,9.315380157388527399e-03,-5.712900411540462048e-02,-1.380363364161971418e-01,-4.969973916261601066e-02,-2.029203350486648849e-01,-4.293197786990290976e-02,-7.875902213465940660e-02,-3.319140341787083504e-01,-2.999879476881510687e-01,-2.421342504612502555e-01,-2.556582108729108516e-01,-2.661579047248615604e-01,-2.663973353349695650e-01,-9.303352120044755535e-02,-2.198747611235171984e-01,-3.621861854966933469e-01,-9.429951765400543251e-02,-2.803026052856075756e-01,-6.547545703234489145e-02,-2.054306091335594830e-02,-1.201509989548511237e-01,-1.926767302303160068e-01,3.148910009777915187e-02,-2.091545304381992043e-01,1.501039797226206840e-01,9.239507929707790890e-05,2.381270035293177878e-01,1.495266400440030119e-01,8.715142474769344005e-03,-2.934513949059587568e-02,2.354419955534126641e-01,5.928180149504119756e-02,1.392224271982692441e-01,1.804989765762868847e-01,1.726736206456863931e-01,2.733785573735136309e-01,3.443906548893017616e-01,2.943092660009741235e-01,1.970582143930617314e-01,2.913318709439326470e-01,1.910087503316027502e-01,2.236226801485784454e-01,2.143999124820567259e-01,1.614850276027925691e-01,1.720008680198660822e-01,2.138054226114090572e-01,1.512009747859492104e-01,1.370457736018477202e-01,1.054579903605823987e-01,-1.229697097487026346e-02,-1.519348584281120518e-01,-1.734468021023973239e-01,-3.357451234624189707e-02,-9.929183000453992158e-03,-2.328993288546499507e-01,-2.803062533129856426e-01,-3.597130058890064541e-01,-1.823001539034159180e-01,-1.109937514674655401e-01,-2.138736946913635806e-01,-2.299122689772546690e-01,-1.531551595767436103e-01,-2.747631632324700202e-01,-4.303840415890498594e-01,-7.795582544293308547e-02,-2.315180149475995763e-01,-8.932422077041976549e-02,-1.275061076000818805e-01,-1.679987105543729320e-01,-2.119991436335167123e-01,-4.403253279056104641e-02,-9.551004910342839049e-02,7.733252235934398588e-02,-3.335562846172606538e-02,1.469630300884675056e-01,-9.150758224024774234e-02,4.902161457637756875e-02,1.224598302095925850e-01,1.283190930334611735e-01,2.779108830853354029e-01,1.906397357632378109e-01,3.417227538895259431e-01,3.545350519874214124e-01,1.727576662227587323e-01,3.395524083085209033e-01,3.517884796457205754e-01,3.867543740371161554e-01,3.462287802619319899e-01,4.852555633875356156e-01,2.390323188882962913e-01,1.327491150123373265e-01,2.123469399782446643e-01,8.961010436651717370e-02,7.837148037315734561e-02,-7.978486055871862603e-02,-8.706221198173844100e-02,3.092569794258646226e-02,3.597060744900044960e-02,-2.359369874891752428e-01,-1.461186104348610737e-02,-8.752118453659585295e-04,-2.132848031231172614e-01,-2.223317502749705132e-01,-2.773600277081051946e-01,-2.851684395701342689e-01,-2.350661585120154828e-01,-2.801602874053459313e-01,-2.465362097019375698e-01,-2.518254719373256290e-01,-1.408633116017273812e-01,-3.660461666694649341e-01,-2.782455930932034582e-01,-2.222866330473696750e-01,-3.738895673867430602e-01,5.321021125520880579e-02,-1.699491079817551098e-01,7.166964768690438359e-02,-5.429323751855691382e-02,-5.766686314803683155e-02,-2.324718428101112955e-01,7.552509690429520806e-02,-2.167219126769827364e-01,1.606234087701356450e-01,1.971646746055506771e-01,7.552051561061749740e-02,2.110157447169519473e-01,4.455536124742991433e-01,2.702881935756377696e-01,1.585742880532425292e-01,1.939754215920202751e-01,2.889231757936027711e-01,2.956158640290743600e-01,8.183531032156389495e-02,1.803852868594268410e-01,2.393848060177690140e-01,2.869506263838715876e-01,3.205000530877940568e-01,2.934530282922463984e-01,1.447130304802057010e-01,1.428674478279514104e-01,2.167672643759897266e-01,2.267562391630459362e-01,1.675925148567791734e-01,1.102655117578928839e-01,-3.052542875064033143e-02,9.438271615405779968e-02,-1.724818702168949835e-01,-9.534458786657082352e-02,-1.123717553763700777e-01,-1.749287311460386574e-01,-1.285145684304399849e-01,-3.002006070043760078e-01,-2.007736900841957661e-01,-6.829904960737290254e-02,-1.314159786881264336e-01,-8.388182260869353479e-02,-2.196952592238037016e-01,-2.345119080582502291e-01,-8.436036796658892556e-02,-2.854537273619979776e-01,-1.743751130591928156e-01,8.183768954875829393e-02,-1.057660835841350844e-01,-3.248222958609983113e-01,-2.187058726933656938e-01,-1.142337802683560111e-01,-8.610861856977697348e-02,-6.737377084489776236e-02,9.033138864817344058e-03,-8.368264543446528314e-02,9.639526974778740709e-02,1.158599097726680793e-01,3.129902881766122302e-02,-3.357167319762048574e-02,2.056285741345390272e-01,2.626656686915789241e-01,2.446297915447071813e-01,2.536317590186630277e-01,6.078662753375368988e-02,2.987134098758981726e-01,1.995201969108377771e-01,3.839625888075822724e-01,1.989692639541238428e-01,3.709265814728180399e-01,1.361652198914546918e-01,3.287099232764700285e-01,1.260242971403073287e-01,1.372097337657356420e-01,2.206874235629626424e-01,2.472171156898636535e-01,1.076022860599354369e-02,1.481903821522442821e-01,7.500185872403576648e-02,6.639226342197893094e-03,-6.533537227539268355e-02,-1.228130566212008723e-01,-7.836662407132582997e-02,-8.549395470012199905e-02,-4.001413974471874080e-01,-3.114157303728938286e-01,-3.090799670068830052e-01,-1.857414846976915834e-01,-1.520378105833916083e-01,-3.269075166721306935e-01,-1.336672994600995035e-01,-3.076290416561135999e-01,-6.917557533625165456e-02,-2.540677452280226678e-01,-2.506817155469944214e-01,-2.566339070656564747e-01,-1.153437262924240092e-01,-8.904409418019372524e-02,-1.291375140257808307e-01,-1.325237672827864199e-01,3.883958509176371754e-02,-4.339867172761358027e-03,-1.408412654464098052e-02,1.884083195197217009e-02,1.207569078099939019e-02,1.353005830198643067e-01,1.972050741296511034e-01,1.597056859802491735e-01,2.256854487050130031e-01,2.217357827851317020e-01,6.912646094691045351e-02,3.551953278162072736e-01,2.802341637177674927e-01,3.133501683115449965e-01,4.013719047468963241e-01,2.635430242281214808e-01,2.301820976983503519e-01,3.103330092898328174e-01,2.859649491286093137e-01,2.507928152164112801e-01,2.047082913625332123e-01,2.309526327173122284e-01,1.686726354176709963e-01,1.861694340045233764e-01,9.041691579223933017e-02,1.542818722435608525e-01,2.104023196669263518e-02,-5.057368897640784899e-02,-8.415733966596145033e-03,-1.129465832761814836e-01,-2.007658729848224022e-01,3.082171605640397771e-02,-1.217140524812811986e-01,-1.058613162006414449e-01,-1.018496079090694395e-01,-2.610646630092618992e-01,-1.353960693885198907e-01,-2.905179528988712234e-01,-2.803776211842557986e-01,-2.227298789070540630e-01,-3.737264137155040800e-01,-3.262079608200840197e-01,-1.631582024280587573e-01,-1.180949141360676108e-01,-3.343334848946131338e-02,-1.172583673141405630e-01,-3.642970459618241619e-02,-1.155270743223567875e-01,-2.567389036923849177e-03,-1.238130729585168802e-02,1.056198405333015622e-01,1.429460831868744480e-03,1.588905622379094273e-01,1.973744967791442595e-01,1.496606743630517211e-01,1.529804596910479542e-01,2.299093073094486406e-01,4.968871328664800080e-01,1.302606585313785259e-01,2.853419981387932403e-01,2.669325791484254973e-01,2.282684208305169604e-01,4.346701406547169855e-01,3.532227109856289071e-01,2.310816654947248083e-01,2.725198877370531569e-01,3.667489400889148987e-01,3.570100665341461310e-01,3.166846465182009407e-01,8.864440350930280488e-02,2.733452119266595037e-01,2.774790421524561679e-01,-9.415706292436680502e-02,2.775683071634141991e-02,3.125283146225583258e-02,1.100097465912500683e-01,-1.145120225728068486e-01,-2.930056890054027335e-03,-5.158277585394745179e-02,-1.338588269019726495e-01,-3.663145246059827387e-01,-3.206391366772068929e-01,-1.224296960593282968e-01,-2.042400145742171436e-01,-2.265555231911256240e-01,-1.654021902439468950e-01,-2.608756875085656568e-01,-1.284785975328038565e-01,-1.131158941536704876e-01,-1.181178913568847189e-01,-2.036230076272535772e-01,-2.478562945526199268e-01,-1.324854441071806610e-01,-2.451359945606608748e-01,-1.594590390791204015e-01,-1.429248925337019971e-01,-1.622616959751941312e-01,-7.511340782979676611e-02,-1.911837955072781536e-02,-1.181916281275695313e-01,3.437711243111071097e-02,1.774555054708359947e-01,3.527388771454365024e-03,2.342667727743810990e-01,1.928162770817031801e-01,2.661342635454387318e-01,2.027544306524375617e-01,2.391787117611335334e-01,1.635495193658126345e-01,3.351382250080239267e-01,3.312711016044276313e-01,3.904687213977898752e-01,4.205055198667783101e-01,2.546757658987233719e-01,3.948461302944383799e-01,3.890718474738922295e-01,1.662215555377608012e-01,2.103908521404404819e-01,1.359463211149601336e-01,1.804901562150564853e-01,1.001170222878364491e-01,1.197174675879715128e-01,1.190654585025555656e-01,1.143963896696705840e-01,-1.409282558190110279e-01,-1.289625564054218965e-01,-4.773941965820080457e-03,-6.996044045692811908e-02,-2.006571237388594942e-02,-2.563605188597032902e-01,-2.644974617613103374e-01,-8.576743031781887405e-02,-1.797770329050688010e-01,-3.122113314853060539e-01,-3.428137097406398492e-01,-6.291044697716478840e-02,-2.146828767870778143e-01,-1.041079394752901371e-01,-2.188725944929940104e-01,-2.851207869305130149e-01,-1.018766883510636295e-01,-2.744305215886379545e-01,-4.339575645132781601e-02,-2.886746167356554205e-01,-7.170687501269518149e-02,-6.410798261863150105e-02,-2.561407724290887603e-03,-6.035398884908166339e-02,1.829616761158674443e-01,2.027022536945978504e-01,3.543201454702907816e-01,8.483210299297191948e-02,4.301438670116134455e-01,4.232541782754539739e-02,1.977075007951224483e-01,1.410406470530961021e-01,9.155645043147192519e-02,2.779310326950717447e-01,3.257169887600813718e-01,3.330520258129535116e-01,2.586099003604936386e-01,4.397929662257982208e-01,2.954971148936110237e-01,3.750310865783688108e-01,1.354428596709560395e-01,1.856512833589056832e-01,1.593312140515153186e-01,2.925845912031281859e-01,-4.238793557586115548e-03,-2.409916161484922659e-01,-6.359688395410681427e-02,-5.406120165429584290e-02,-2.705257122845886597e-01,-1.881908253990650925e-01,-7.384867438143122298e-02,2.584196088784206785e-02,-2.076203046921868967e-01,-3.315798723702523959e-02,-1.641288831757376498e-01,-3.231877730785250868e-01,-3.036231812247456308e-01,-1.773164492696222005e-01,-3.327066626314755804e-01,-8.767308559879630203e-02,-1.371954513204662052e-01,-1.646854821687189219e-01,-2.222974289304398554e-01,-2.602877337628462517e-01,-5.590047291993020112e-02,-1.254166161547150271e-01,1.370671637881137883e-02,-1.174669035435988718e-01,-1.319086433686676996e-01,3.460612759572043867e-02,-1.139135703040981551e-01,7.412038867377361562e-02,2.648726115049264696e-01,-4.027760255132761813e-02,1.427767825469310192e-02,2.451133231766602916e-02,2.118753482011868639e-01,2.697314959233601539e-01,1.127319036794750817e-01,2.245287598131238127e-01,3.577386236320697632e-01,2.350014418836495200e-01,3.264701107683035675e-01,4.022880202768678304e-01,3.053109732398883169e-01,4.027414542870040304e-01,2.766111128698104382e-01,1.882358852503056013e-01,1.162952837059496591e-01,5.608373193127208500e-02,1.430594655638636192e-01,1.676684790728715513e-01,-7.640815229027424216e-02,-6.878527002665432710e-03,9.894337743543445141e-02,1.419755201503028474e-01,-2.188708134684132223e-02,7.592351275670884692e-02,-1.815625082241639765e-01,-1.681122382601048793e-01,-3.694631890250846262e-01,-3.431018663611333508e-02,-1.337770862872554867e-01,-2.644453262876584887e-01,-1.976321444476475675e-01,-1.324431415477522189e-01,-2.190590716998986609e-01,-2.595814937276801349e-01,-3.153162249422767349e-01,-1.078530290292945004e-01,-2.702014701335824221e-01,-1.609999877831373716e-01,-1.211873893371003125e-01,-6.815491916814128692e-02,-5.887304299435579258e-02,5.515750959760449407e-02,-7.876805908163522774e-02,-6.663721341906798934e-02,4.415710275616421820e-02,-2.135355166374280911e-01,9.759878552107886795e-02,1.164535701033261733e-01,1.472186873672955421e-01,2.133453167421844321e-01,1.744383290806428843e-01,3.693646314062313252e-01,3.177601027583473181e-01,1.702547611642238057e-01,2.230045771047031722e-01,3.480654571746936154e-01,3.054525493766732658e-01,3.460669919142682627e-01,8.841598793375501919e-02,3.204649443366954786e-01,2.676598877436227597e-01,2.547877303553611750e-01,2.310156410480275757e-01,2.489656482528148640e-01,2.268913355833222789e-01,1.807465496613949729e-01,8.231953087212739995e-02,1.086356234596167480e-01,6.937578952224290885e-02,-3.889874098987343431e-02,-1.455047590663033630e-01,-2.304982787157902613e-01,-5.316720422101312710e-02,-2.443160687196749004e-01,-2.410608055796175653e-01,-3.615148860842049006e-01,-2.636496392627079022e-01,-2.262249451416901980e-01,-2.893460878164558214e-01,-2.328108795486426574e-01,-3.091381004340080230e-01,-2.665074034356406663e-01,-2.042554550729283047e-01,-3.551331819926825673e-03,-2.942380973272685774e-01,-1.904883926085572388e-01,-4.552557784639552074e-02,-8.642995754682278320e-02,-7.331263678208767287e-02,-1.450242254682742316e-01,-1.555889104347714658e-01,9.395989344211253674e-03,-9.878683583385683420e-02,-4.930073268665575992e-03,1.881776060000076578e-01,2.814721601552426233e-01,1.848222192862399860e-01,3.807429061584630126e-02,3.179156483101571173e-01,2.635965657843905574e-01,2.057232217840088973e-01,1.300923138185181849e-01,1.729927124353454193e-01,2.949689117067972322e-01,5.169698351261173830e-01,3.760240350594142855e-01,5.305148619007973299e-01,5.325116603945176941e-01,4.133836611423971630e-01,4.476317759985281031e-01,4.384400825717543193e-01,3.307822070887572741e-01,3.519989747558024962e-01,3.591156183972235572e-01,1.808369225369053090e-01,1.644107543412632877e-01,1.554793634934789615e-01,1.663203583031925836e-01,-1.947915863006155837e-02,8.459931439420365074e-03,-2.138315198673190753e-02,8.490429333656029920e-02,8.641702484392919936e-02,9.416858690038035218e-02,2.100683734933656843e-01,1.302884498680854652e-01,-6.332165182208818188e-02,-3.071765879505548857e-02,-2.249354240153961793e-01,4.796417572927333395e-02,-7.553167919934739016e-02,-7.667314499232436020e-02,1.285503541183615761e-01,-2.516449096572984656e-01,2.045523206196385099e-03,8.464102237978674004e-02,4.877106742185062516e-03,3.784518917664111970e-02,1.580432531488040748e-04,1.363064898291344029e-01,8.009205750318258710e-02,2.491669827988309271e-01,1.675258963217189367e-01,4.310241591684814688e-01,4.349230768536084257e-01,3.935814862924820190e-01,6.101831802174211283e-01,6.199266695825536022e-01,7.122435142110394857e-01,6.086359948243622586e-01,7.034224408079257085e-01,6.870545255909032978e-01,7.842680859290190876e-01,7.825988739328679777e-01,5.216685189592876748e-01,5.671582384759165096e-01,7.394977959446142890e-01,5.952097535338057854e-01,5.743158831385392071e-01,5.233092038573511351e-01,5.585833702867445405e-01,4.421590649122775218e-01,5.138026310857103374e-01,3.203857621937523104e-01,2.893635649502456775e-01,4.136746777811673992e-01
-4.198071677691653236e-01,-3.630904852649155523e-01,-6.119988275996131044e-01,-4.956988629478354391e-01,-4.905891477962139313e-01,-2.974950372666433362e-01,-4.442836898543591206e-01,-1.976260268555993516e-01,-2.515869477879038585e-01,-3.203791894026761233e-01,-2.471598217629026109e-02,-3.798772250898749259e-01,1.109161181180963046e-01,-1.963123082725386215e-01,-1.130626101671362432e-01,-4.684071642934135860e-02,2.598949834421885874e-01,2.769846859931641148e-01,2.175265699912468098e-01,2.083501670214710777e-01,4.382490248787031528e-01,5.118218736229135368e-01,5.164728469818596901e-01,3.344906128432746373e-01,5.936229192602987537e-01,5.189921605889348255e-01,5.174485531476040734e-01,4.871220515428020259e-01,6.358274827784675676e-01,5.435582312127013038e-01,5.559437695499355181e-01,6.858163208162231239e-01,2.401707753344414498e-01,4.235909689957667590e-01,2.739535834508252110e-01,3.959034386760907354e-01,4.709407880336505953e-02,1.150960613135621341e-01,2.836451762430902135e-01,1.292381678058470151e-01,-2.129363441726170869e-01,-2.056170227670705564e-01,-2.279590727516614956e-01,-2.124914899518816069e-01,-5.092911932309417411e-01,-3.516173189300830781e-01,-4.307052133068755562e-01,-2.547252882420327769e-01,-4.084394406695544544e-01,-5.335211976809376422e-01,-3.513378289370452934e-01,-5.437915407827268455e-01,-4.756417857821479966e-01,-3.751449630732728302e-01,-4.314605930591855487e-01,-1.910711608069232126e-01,-1.908582326271467122e-01,-2.940171170318438554e-01,-1.363985027868260813e-01,-9.143979989545303333e-02,-7.581476811731306664e-02,3.926402282621997697e-02,-1.166797821985977868e-01,-1.454746761227463103e-01,1.431191711367826025e-01,4.230371216479608676e-01,3.442876761886478620e-01,1.928886698839050173e-01,4.154055739211920395e-01,4.347682196290715284e-01,4.575572000531263894e-01,3.595861633790474743e-01,5.648209762051968896e-01,5.684368855845647328e-01,4.568594047012170534e-01,4.613703618932304407e-01,4.543157696834123627e-01,6.051610211326369226e-01,4.674095711693338484e-01,5.672969097201968625e-01,3.436150958988585802e-01,4.077228379673870640e-01,2.834505344181786346e-01,3.006151231023713732e-01,7.874266532503670923e-02,2.993207260931720071e-01,1.919419918508137590e-01,1.129448910861432925e-01,-2.232645110321744841e-01,-2.591584912341824976e-01,-2.213143371498758338e-01,-2.528149580096193394e-01,-3.053829019758562691e-01,-3.587375236020634572e-01,-4.086583964971653438e-01,-4.601549181341434980e-01,-5.175245548055917855e-01,-4.909811460060710675e-01,-3.924350650679402364e-01,-4.447686759886442243e-01,-3.568839984570828516e-01,-3.206963435442517496e-01,-4.412791382347134861e-01,-3.469124587811550642e-01,-1.761375698164094894e-01,-2.869981952234636480e-01,-2.709803659644935414e-01,-1.606430599010905680e-01,1.550150766518036127e-01,4.180171188603563209e-02,-2.738931234152423011e-01,6.202017074630436153e-03,1.192196391936542303e-02,2.733800306780885814e-01,2.225473928142532032e-01,3.280256074829774882e-01,6.643555560667389059e-01,3.694727827086122796e-01,3.748350703238951809e-01,3.913817823022761599e-01,5.055931505688679994e-01,5.424444957961650493e-01,4.876473608369095158e-01,5.409739612730687375e-01,5.356739213298522539e-01,5.260892325899373390e-01,4.744104376044412374e-01,5.383539431527757380e-01,4.076055965446990781e-01,9.423907694511254873e-02,3.578574000089217444e-01,3.923692529544771102e-01,2.215776251704018041e-01,8.588943244204785832e-02,2.578598105124388362e-01,7.490527353511620967e-02,-1.815732419243232254e-01,-2.260361292537040323e-01,-2.951953683792896133e-01,-2.770807418052623206e-01,-3.773338496309604495e-01,-3.771069312711737287e-01,-3.611346971605807199e-01,-4.544179868526084798e-01,-5.412805828973480393e-01,-5.081765607821618902e-01,-4.459908458084229643e-01,-3.254170976632592693e-01,-4.000163420426316452e-01,-3.515013061983413012e-01,-3.537495020841174287e-01,-3.707583667025447505e-01,-3.473453790189811596e-01,-1.919884457749733431e-01,-1.434076439096451383e-01,-7.891720035740486250e-02,1.243959233877356407e-02,-3.334537529593929739e-02,-1.430403989483740312e-01,4.297005634789842488e-02,1.230338375108279564e-01,3.343716739620804512e-01,2.978203564147159366e-01,1.971803333028495364e-01,3.821846122676170188e-01,3.775536376856768461e-01,4.264192503283381064e-01,4.621735641621886881e-01,5.438377092454388384e-01,5.015792707836067565e-01,4.623350027262934647e-01,6.033952051704205566e-01,4.761572596256098966e-01,4.133093816871437065e-01,4.141707954001485059e-01,5.722445190351935773e-01,2.768205125267823030e-01,3.042943255420564319e-01,3.267383397583650262e-01,3.643926230713887549e-01,1.268238783314009077e-01,-7.225433314563003973e-02,1.165778048612636092e-01,-3.066663734850931522e-02,-1.578058718108285574e-01,-1.196062148955870513e-01,-2.944863349853111822e-01,-2.230956121545392690e-01,-4.082462781842943200e-01,-4.028854672604832432e-01,-4.152251848564978975e-01,-4.671705754005506805e-01,-3.909943363678235473e-01,-5.266739573511806105e-01,-4.341645748621439371e-01,-3.525252601689819465e-01,-4.870146325626898975e-01,-3.291363571703840307e-01,-4.825883557081607211e-01,-5.753246030061062166e-01,-7.585793251014405492e-02,-4.200613545241601576e-01,-3.299946640986344687e-02,-3.095376226906929595e-01,2.126004691579055569e-02,6.840466458922982163e-02,-5.883853292511407110e-03,-1.739048119681994020e-01,1.597308433556098584e-01,1.487696800573117262e-01,2.041661456605119440e-01,1.782385792050950879e-01,4.127373612453600349e-01,4.841524626514550622e-01,3.542782103630227608e-01,5.057925068677364688e-01,4.483401900916569871e-01,5.920028119527412924e-01,4.310830805099287177e-01,4.708687727167548132e-01,5.636522197957670732e-01,5.007906238240793506e-01,6.101766299516259151e-01,4.899686193954959634e-01,2.707034664175299588e-01,4.451364883231971881e-01,3.066630833638254172e-01,3.625332973434208239e-01,8.343421031996237081e-02,-8.440631943870338313e-03,2.907277711879761029e-01,3.775293060734753042e-02,-6.313171581152941803e-02,-2.602147223837534828e-01,-2.587473141739062288e-01,-4.124714251766194995e-01,-4.587191914722117403e-01,-4.811286417916644798e-01,-3.065043401278894630e-01,-4.179795248824805243e-01,-4.598178315200484034e-01,-4.018499414080123344e-01,-3.326346246543998575e-01,-6.007750120423668294e-01,-3.452468289060475759e-01,-5.013046618073629945e-01,-3.259589252478533594e-01,-4.848643662446793789e-01,-2.287290138435976034e-02,-1.552793398957180160e-01,-1.003597619255339468e-01,-1.960679450682171476e-01,-8.196242635728503978e-02,-2.004646447857530434e-02,8.882532322043831807e-02,-1.638932369555855251e-02,3.774900094518180427e-01,3.237267735209813924e-01,1.628317325074044586e-01,7.974081719020484349e-02,3.823150939031507711e-01,5.103314401937566469e-01,5.407678036802636701e-01,3.014297739246853403e-01,5.320030415764726017e-01,5.735074639651162043e-01,5.916140221381661624e-01,5.823616292123218185e-01,6.378529173015510256e-01,4.760195133673422174e-01,5.578580400408117423e-01,4.551397529038693768e-01,3.383126804850591918e-01,3.927304434318200088e-01,2.931763685215421633e-01,2.518169980778833805e-01,1.496170952002439380e-01,-3.250098259813978541e-02,-9.840458901244444889e-02,5.315344530255545347e-02,-2.381452038795141557e-01,-1.965048667596888954e-01,-3.326026491927679407e-01,-1.969697662789887116e-01,-3.485643187040303737e-01,-5.496873618714120946e-01,-3.957503302932178779e-01,-6.389219452744185901e-01,-4.304746692608745762e-01,-4.667657726403618423e-01,-3.795762451910004165e-01,-4.398156593038065054e-01,-5.145625093116670268e-01,-2.217414416735942750e-01,-3.318142226156498564e-01,-3.833991538266453003e-01,-2.469111037311186030e-01,-2.431221121188401890e-01,-2.424033478138589992e-01,-1.672675288828489315e-01,-2.359443671487881488e-03,-7.290281197823173659e-03,-1.475893908611700285e-02,1.366219062926866123e-01,3.234541833698837965e-01,3.136214830687895638e-01,1.921067832134648601e-01,3.122166500070797102e-01,4.358511415753930085e-01,2.842746458700649015e-01,3.176640912402522998e-01,5.424964947100741064e-01,4.872913126223371028e-01,4.101615462507382515e-01,4.659679077532968838e-01,4.117575985185134568e-01,5.290210460489853661e-01,5.562565123603548933e-01,4.667759709040123495e-01,5.159704800386002432e-01,4.463576597533785995e-01,4.043069487920724625e-01,1.548787449457049714e-01,3.919054473030968433e-01,1.525003593517653688e-01,2.185809138370695959e-01,1.571979267279303150e-01,-1.710598659011115796e-01,-3.338779929423623116e-01,-3.249765650020116081e-01,-2.450819363901220183e-01,-1.565207900300735755e-01,-3.145792973818939409e-01,-3.411636269114061704e-01,-2.373502763707106833e-01,-3.788329479059573401e-01,-5.550692552966641768e-01,-5.391564224529541427e-01,-4.235410926367674245e-01,-3.862669092354480971e-01,-2.845327111682676158e-01,-3.443339120444950940e-01,-3.185286307056682253e-01,-4.573036197239529477e-01,-2.510342399959297199e-01,-2.409981371449862741e-01,-2.832380069454474847e-01,-2.722453190160489256e-01,-5.883777113089994765e-02,3.897964869381467801e-02,7.142420645545852903e-03,-1.061018186822055565e-01,2.374640276980970743e-01,2.044446800453844915e-01,3.519093166074170886e-01,2.770094338997812766e-01,4.331465786234894866e-01,4.563813014007848112e-01,4.964750079649057346e-01,5.147791665192641419e-01,6.060730830645646439e-01,6.246204523363430017e-01,5.761651031437513559e-01,6.160533037561300995e-01,5.989911059933418214e-01,4.902019820997837174e-01,6.433670051410380619e-01,5.645421335105117455e-01,2.661609896320195068e-01,2.099451605546569788e-01,2.448361182769256128e-01,3.756564568622314804e-01,2.076650790629447629e-01,-1.057988981425130176e-01,-2.601327742189208161e-02,2.968309671314822706e-01,-3.681333686104071856e-01,-1.882195330366215058e-01,-1.820635256144337022e-01,-1.816901997870624674e-01,-4.333297196428640419e-01,-4.281518699482028678e-01,-4.273592529879657320e-01,-3.351084107760390340e-01,-3.986418257068983229e-01,-3.343385910694994800e-01,-4.352990913168747200e-01,-5.096345270191257049e-01,-3.547308716869432832e-01,-4.029573110004763259e-01,-4.708925684842100168e-01,-3.500872755036359973e-01,-9.362397906326398733e-02,-1.707053044519003804e-01,-3.292904848369661575e-01,-1.620326777254793293e-01,9.950897122782510762e-02,-1.965067996344701806e-01,1.249482505508575647e-01,2.015213629207945889e-02,2.484623412122405617e-01,3.964832774780778779e-01,3.136640607272494496e-01,1.806184655103146297e-01,3.677872890906365710e-01,5.068820461808795086e-01,4.513344846627964091e-01,3.775436715909967766e-01,4.766876994306815107e-01,5.456213094430832911e-01,5.893609208246542996e-01,4.036527319504304434e-01,7.058795273141970084e-01,5.082055173745777532e-01,5.746226560641531922e-01,4.854295668605813630e-01,3.746360813753086827e-01,3.647807291842905530e-01,3.261508847884396767e-01,2.680710528839723716e-01,1.356182340974538825e-01,1.348773708588957843e-01,5.140367816591396438e-02,-1.023308651716606406e-02,-2.414763669230143017e-01,-1.142326400719103491e-01,-3.378262766900724245e-01,-2.139660860351470795e-01,-3.739303944789623690e-01,-4.739313319397486235e-01,-4.315570932553588479e-01,-4.007124421297091899e-01,-4.131889931705203800e-01,-4.111704439408860323e-01,-4.673496039010118785e-01,-3.917754466903325961e-01,-4.186106812217637030e-01,-4.688774482914290775e-01,-2.469781466679379645e-01,-4.773553652304171058e-01,-8.213043596686801784e-02,-2.963282406403365821e-01,-2.215120355281685327e-01,-4.069957530672808077e-01,-5.272682260889166583e-02,-4.875586987967361896e-02,1.296428733642549791e-01,-1.974855421552345613e-01,4.277192333843347072e-01,3.759276212732190481e-01,1.584382843898685389e-01,2.118367665224150376e-01,5.061089314075807311e-01,3.447951937961750701e-01,3.934919046648928664e-01,4.891088223981867045e-01,5.015822592589291862e-01,5.418168079133757198e-01,3.928011814838096027e-01,6.458625542241968054e-01,5.182476037027052840e-01,5.170867522609728928e-01,5.446065757938327589e-01,5.825405422497701435e-01,3.351097163810730639e-01,3.403712217265706941e-01,2.422878471231711683e-01,3.611089609029559111e-01,2.127873939645463230e-01,1.249248175848377967e-01,5.791298245321517546e-02,-3.490813331187560264e-02,-2.625263572441569049e-01,-3.597746947436666898e-01,-2.437136860239436653e-01,-1.744191591853802847e-01,-4.234065111537991255e-01,-3.662678744824603982e-01,-3.415361564281750861e-01,-4.654283600493597239e-01,-2.302272197814383692e-01,-4.983039551525175748e-01,-4.290028911418820590e-01,-3.901290963971122960e-01,-5.444355405342815590e-01,-4.429846788038298566e-01,-3.639354043071708622e-01,-4.694320400920825587e-01,-1.386627714606395168e-01,-3.277761728996024804e-01,-3.035752003759678019e-01,-4.679191408443330036e-01,1.111119982033264980e-01,-8.616455941497645765e-02,2.563473297489734723e-02,9.906420424032934269e-02,2.082656011634229087e-01,-8.917982879380341454e-02,1.567938630278077339e-01,2.043557110117975306e-01,4.013647436674763203e-01,4.510756551452089202e-01,4.476088635495534263e-01,5.157645770431243948e-01,6.066448943473455868e-01,4.392656977302816790e-01,6.371725211595975491e-01,6.043659262279003075e-01,6.498874047096928619e-01,6.530778481432572002e-01,7.837042271908594149e-01,5.141579702514881278e-01,2.914922808923773867e-01,3.584937710795726429e-01,2.459125272349514946e-01,2.330339077910214829e-01,4.711808610017037546e-02,-4.584557324868067385e-02,-2.148721001765621641e-02,9.854921451201086036e-02,-3.116830100484863642e-01,-1.606991074328662783e-01,-1.090191489414950865e-01,-2.925523494633885391e-01,-4.194498820588959953e-01,-4.184867906366170898e-01,-4.083662867765687210e-01,-4.059467349803352887e-01,-3.699510910025178290e-01,-4.925146082682146376e-01,-4.864699366309335749e-01,-3.062843214280930870e-01,-6.689525582652122715e-01,-4.542024783775047148e-01,-3.424325861494101897e-01,-5.739152490488560465e-01,-2.243558816756473229e-01,-1.468589968245301580e-01,-1.696522027954208353e-02,-2.666088728796212615e-01,-8.949102066838253433e-02,-1.384540798267093475e-01,8.058280131440051508e-02,-5.332836127168055079e-02,2.419316953537890558e-01,2.271515659643358609e-01,1.266011349709489642e-01,3.350089721566356094e-01,5.804177727001439413e-01,4.195412146046677559e-01,3.976511404405283501e-01,3.907226585063116597e-01,6.043352353055706505e-01,5.759538270574438013e-01,3.684012910693963971e-01,5.368819920166688631e-01,5.711638815240291933e-01,4.318573492819217097e-01,6.533343069184927021e-01,5.076385169844302991e-01,3.315742910706890867e-01,3.891955070067463218e-01,4.597040360841596618e-01,3.670361599774872308e-01,2.134494071657817293e-01,1.386246580293299113e-01,2.857397416575051252e-02,2.401307933464883748e-01,-2.007545293466024006e-01,-2.299899780783253578e-01,-2.137877498570774637e-01,-3.311352221168388232e-01,-3.452776751585784898e-01,-2.480133426445055023e-01,-4.484998114327201080e-01,-3.961113927607785024e-01,-4.016852305644266208e-01,-3.823695574607647307e-01,-4.416398656843225634e-01,-5.104272010564870898e-01,-3.006168485719616368e-01,-4.095594049005337189e-01,-3.444793962377865060e-01,-1.798385734868870878e-01,-1.627651232853209451e-01,-4.601422560184240673e-01,-3.399694794949784660e-01,-2.012441514367582784e-01,-2.344548914849723525e-02,-1.375014177221068334e-01,8.368365006600297570e-03,1.197538783985456316e-02,1.785275077085482498e-01,1.071826185003967452e-01,1.636521244681211629e-01,3.325462425436798153e-02,3.635820016807430055e-01,4.202020587260329454e-01,4.431787794249009704e-01,4.299711615629107642e-01,4.317805754688137099e-01,5.612933235464220294e-01,5.690374280828525144e-01,5.405167317108300340e-01,5.268022693144812640e-01,4.585469187671517011e-01,4.613797591514657848e-01,6.549937950168256418e-01,2.988683250784656686e-01,2.160686981240903803e-01,3.021315085226868313e-01,3.547718619957708763e-01,-2.361288708758512225e-02,1.246778705118934960e-01,6.722243269017837142e-02,5.235737596484794920e-02,-1.907218610845657081e-01,-2.576523667430689057e-01,-2.885939619304258574e-01,-3.175278900462318865e-01,-4.674235579937556229e-01,-5.058593089102763063e-01,-5.462529174243055952e-01,-4.746628255553264619e-01,-4.720337732208390036e-01,-3.943945880498367362e-01,-3.225648986828372755e-01,-5.146983621625818017e-01,-3.172706003793523966e-01,-3.628132388866420199e-01,-4.545183873132109809e-01,-4.889436546603636025e-01,-1.599751058380477486e-01,-2.106711404434215285e-01,-1.377008342247438843e-01,-2.440405139043360372e-01,6.770497813244830132e-02,1.180234512569971472e-01,1.554207617391781086e-03,3.194023483201389318e-02,1.370745423537096386e-01,2.528265175703441892e-01,2.951439303969113914e-01,3.395340432122553320e-01,4.291841003502951390e-01,3.809830007257686835e-01,3.044870533760076214e-01,4.238284159649571836e-01,5.596512507079984822e-01,6.064712959879274834e-01,5.587702043441509225e-01,4.565555488199503631e-01,4.871348224326946807e-01,5.249173613880436795e-01,5.595520838416061515e-01,4.634288953452234128e-01,2.370140331437710912e-01,4.440235806780359895e-01,4.240470746125521440e-01,2.725004604113224760e-01,1.995448173050136942e-01,2.024578780579802118e-01,1.155086926934758701e-01,4.725404822517055570e-02,-9.553422274770155542e-02,-1.629465457871470402e-01,-2.242171344027341917e-01,-2.085816762602525354e-01,-3.054342329519100230e-01,-2.644207347086835469e-01,-4.346223991395370967e-01,-4.801148811269607131e-01,-2.007342405962053711e-01,-3.805584208300729077e-01,-4.195061645917652071e-01,-3.068232552465194329e-01,-5.335305526546152421e-01,-3.526300907339125490e-01,-3.503626954221703560e-01,-3.846625837712800422e-01,-5.836380747037428485e-02,-2.718058008830794847e-01,-1.099418615449669206e-01,-1.853463527189176119e-01,4.423365880061146810e-02,2.437346399127427246e-02,9.026728062208021208e-02,-3.173822626708965727e-02,2.890599052254930745e-01,3.027795045094521242e-01,2.453558622538471456e-01,2.694908433505894263e-01,5.296916102678829175e-01,5.593751911112594399e-01,3.734190498006128567e-01,4.217216121727870859e-01,4.756265118545015547e-01,5.129793589843354429e-01,6.969103905923760278e-01,5.819386842770737367e-01,4.344492097995143465e-01,5.556371482402030493e-01,6.241733393163266808e-01,4.651956141176428194e-01,3.467393975557161445e-01,3.274391693561285455e-01,4.437891817412975559e-01,8.628184177652493958e-02,-3.093304724066656478e-02,1.412066411221446494e-01,8.711034561274200172e-02,1.149504760475155013e-01,-1.893123271670539842e-01,-3.426765552717848939e-02,-2.811256996560725918e-01,-1.227471437596528159e-01,-6.296530223986879227e-01,-5.546812075792587615e-01,-3.985161729561089716e-01,-5.420882965167218570e-01,-4.107930467508206784e-01,-3.564356288681018170e-01,-4.885952838241446883e-01,-2.605649635903319883e-01,-3.761058188601041907e-01,-3.836569499554216001e-01,-3.042367687720070046e-01,-4.727775061991539851e-01,-1.524165899953201508e-01,-3.809821268959010521e-01,-1.627847500301340955e-01,-8.026561412425096964e-02,-1.368970473199757620e-01,-1.297609300062052828e-01,2.905278996417134246e-02,-1.488855418442215917e-01,6.660520205850330167e-02,3.174131595427033270e-01,2.697840989524934452e-01,3.326580724977255543e-01,4.293182072832996687e-01,5.694394943465804770e-01,4.874816602670827281e-01,3.956057914798062902e-01,5.358191265188506636e-01,4.645204845745763977e-01,5.933455048819156197e-01,6.183246121126592110e-01,6.828264969245062543e-01,4.080142398986426611e-01,5.653319979858892896e-01,5.216772760522979668e-01,1.443521664212251421e-01,3.142647217301189344e-01,3.488598143098498583e-01,4.895821209413347974e-01,9.213691007057868421e-02,6.411155631592761577e-03,8.099782379352274408e-02,8.832970749458497750e-02,-3.740931598706290773e-01,-2.370549999883204972e-01,-2.269368468136747363e-01,-2.154757842710039173e-01,-2.492578953593770630e-01,-4.856801200203987867e-01,-4.940523947485078171e-01,-3.616225391643194120e-01,-3.839219316854888264e-01,-4.305614592435277888e-01,-4.976303043301946172e-01,-1.830269609963549871e-01,-4.436698973859227735e-01,-2.395841298125359342e-01,-5.208939292925408582e-01,-5.188953508746076970e-01,-1.832725995473511726e-01,-2.925616553067463821e-01,-2.156108720473165208e-01,-2.346915890874303467e-01,-1.269349228533218077e-01,-3.312159390832287303e-02,-2.658655725276392809e-02,-7.194936756042331905e-02,3.113098922429973769e-01,2.370541469649362354e-01,3.183625756992970457e-01,1.344234268505048457e-01,4.541669463600810364e-01,4.155330565517856289e-01,4.255736282094081391e-01,3.783689868571263326e-01,3.550397001279512743e-01,5.957975160771918910e-01,5.221423004143859181e-01,5.363328775352661504e-01,5.885112659916046374e-01,4.490584115216718075e-01,5.473915446278840857e-01,6.214763851919102855e-01,2.723883538223148548e-01,2.979649567342367855e-01,4.079625569875084401e-01,4.207957998505876818e-01,-3.075364823513017029e-02,-4.269229298236840164e-01,3.493410800791237059e-02,4.721752006308413386e-04,-3.540120458046632779e-01,-3.225309457783201994e-01,-1.980175301727036818e-01,-7.777389014732791206e-02,-3.730834705498920489e-01,-1.104483948187851006e-01,-3.582786103069582340e-01,-5.841548633309932015e-01,-4.520921074932192085e-01,-4.845500133714575330e-01,-4.349041823376847415e-01,-3.312075436861405819e-01,-3.696230575854193567e-01,-3.026885234414770642e-01,-3.087890403927376348e-01,-4.715752367013308355e-01,-1.315621313753613519e-01,-2.035375183303760327e-01,-2.521577090581593739e-01,-1.977321388104040234e-01,-1.811707940464740707e-01,-2.219168482050563537e-02,-1.802648831708736910e-01,-3.357261804849999420e-02,4.367262396400848901e-01,1.782669665653780489e-01,2.127725359640551261e-01,1.740883409145037308e-01,4.514468673577408664e-01,4.886486578365770717e-01,4.262109982704859745e-01,4.575462766528961001e-01,5.415345750328675045e-01,4.303035570824979561e-01,5.005333522294308501e-01,5.807640103145709221e-01,4.245441966023290603e-01,5.411171960124111502e-01,6.205166463390442422e-01,5.776296308276356317e-01,3.219671978001265034e-01,1.937174756003869347e-01,3.112881243516846808e-01,3.098280912394393849e-01,3.228253543966606159e-02,1.389517623073907582e-01,8.002589083153931193e-02,2.457361304411890268e-01,-2.042948628028528613e-01,-1.227139647443715453e-01,-1.942899720717751466e-01,-2.671905034774981202e-01,-6.329331018506413331e-01,-2.810845248723620182e-01,-2.464958687218002931e-01,-4.580436975304744140e-01,-2.927418170219663884e-01,-4.385207371988404379e-01,-5.053362026556696973e-01,-3.469783667658641324e-01,-5.493376614138548719e-01,-2.874531398536778748e-01,-5.828955387152727763e-01,-2.985558787091084909e-01,-1.660482312880999511e-01,-2.009606632554523653e-01,-1.626208838986954452e-01,3.713630813571798788e-03,4.230039656988767577e-02,-8.373614773942396339e-02,4.194983697220599356e-02,-3.126649117415232215e-01,1.692498776622018142e-01,2.324968369941816659e-01,2.935005576978711450e-01,2.661775742880261308e-01,3.366897401259917322e-01,5.506877730212088595e-01,5.423127780228688133e-01,4.396201829462940136e-01,3.524446934904890139e-01,6.596894070505621155e-01,5.602269029959574542e-01,6.039215365732121255e-01,4.180406303345198249e-01,6.105797948869128300e-01,5.458752043440078250e-01,4.227981099856365499e-01,3.484560028765953943e-01,3.397959388570198080e-01,4.328917615682495446e-01,3.869783648108455765e-01,7.544944207878659381e-02,7.498934271938186014e-02,8.846818921394652979e-02,3.731280304372121964e-02,3.326122901714519131e-02,-3.411196594292774109e-01,-1.414107867372158267e-01,-3.621587920766960456e-01,-4.237678456191469878e-01,-4.544070191905187350e-01,-5.708255099747953087e-01,-2.794475170745732151e-01,-4.748625667396210726e-01,-3.011771879849883260e-01,-5.092935833988847527e-01,-4.613168442021298721e-01,-4.791322267500258691e-01,-1.452473627285514879e-01,-3.037025810233598966e-01,-4.853461238571715186e-01,-3.653713152066861980e-01,-1.983082160969810714e-01,-1.794928907638829729e-01,-2.138050103855710093e-01,-1.734465281828944938e-01,3.750834820098741113e-02,-6.203331418411189152e-02,-9.171804516965378906e-02,2.393086198128093756e-01,4.638627691259605279e-01,2.312506944054910640e-01,3.100075118041025757e-01,5.010326080577637287e-01,5.948991860536109177e-01,4.423066691971496711e-01,2.584684476983111212e-01,4.262644864258433031e-01,5.639674223420882981e-01,6.308470640769283655e-01,7.233716367221595389e-01,8.075524897106939326e-01,7.886335309010324979e-01,7.057605000057086686e-01,7.329681675012847952e-01,7.289106967478500287e-01,6.085575112240344531e-01,6.782516308952315498e-01,5.748730559253517614e-01,3.654864119376369791e-01,4.164354628895542421e-01,2.548262427377933070e-01,3.218226224760722398e-01,-4.108510680438579032e-02,-1.506308300437976255e-01,7.286692539353310794e-02,2.274554842311732605e-01,3.845834703529708853e-02,1.012265355474584877e-01,8.861082498113574679e-02,-9.384575696327263072e-02,-1.199509831802926529e-01,-1.279254960533560970e-01,-2.718052685319276018e-01,-6.703701425569608130e-02,-7.983403508997179154e-02,-1.394006320908433572e-01,1.139603651614855273e-01,-3.380869235729531685e-01,4.383059113306886356e-03,-7.631592787748927263e-03,2.182602113424048432e-02,9.975904818932403162e-02,2.386999426492904530e-01,1.232463932184160865e-01,2.718596494325327684e-01,3.553809573440167568e-01,5.100886831171619340e-01,6.342832380816115778e-01,7.833780843751980694e-01,7.440478590451512497e-01,8.035692482049970886e-01,8.950752082283093269e-01,9.261671176298037489e-01,8.962695575251425906e-01,9.326534847745550083e-01,9.183888726822788673e-01,9.699061466635882089e-01,9.402766002291559344e-01,8.574780225325889793e-01,8.328512323176645582e-01,9.548975629303870782e-01,8.854450479356343884e-01,8.851906228069044147e-01,7.810993170286230081e-01,8.615492175739467573e-01,8.104846740176230302e-01,6.939034514542974375e-01,5.488458809853454801e-01,4.525834542546188222e-01,5.958008318686512927e-01
5.467270184270509592e-01,5.682191699140164420e-01,6.126190485808181707e-01,8.676290090339369154e-01,1.236971479381679395e-01,8.657626787875845054e-01,5.606585432398139002e-01,3.997707106408691646e-01,2.471166731617104872e-01,5.826461045697814978e-01,2.655004361551327463e-01,1.302150196986227582e-01,2.546146834475433440e-01,3.836193734617882045e-02,-1.448977977721761512e-01,-6.166312093797370053e-02,-2.516340082116964028e-01,-1.569426414467510189e-01,-2.058468338163783051e-01,-2.874107572689598156e-01,-1.954171933166492514e-01,-5.285661450434137043e-01,-9.972106126491762090e-01,-9.954111886383908425e-01,-7.677980053162334340e-01,-1.243499169672440119e-01,-6.180382742338283997e-01,-5.048714553610703648e-01,-2.020851136946109072e-01,-2.153154393292480706e-01,-9.426708933270275814e-01,-1.228223774651873823e+00,-2.946957709939959646e-02,-4.906890866296239606e-01,-3.628257647393615115e-01,-5.897438222074022907e-01,2.889960926140438535e-01,4.294183520059419168e-01,-4.339061975185709019e-01,-6.084448371887720697e-01,5.675088215892004628e-02,5.771803839430208471e-01,-8.841410907094668370e-02,7.626329879576609905e-02,7.980115861160660407e-01,8.855789019958553165e-01,3.069551204711851167e-01,1.749945203211455969e-02,4.323848123138000488e-01,3.053115638972367374e-01,-1.811563477788113996e-02,5.872435925395772527e-01,2.751284082493069549e-01,8.437067967943218116e-01,8.472248369452766159e-01,1.540945667111270900e-03,2.160592603416453261e-01,5.215522807947844397e-01,-1.320333914188466240e-01,4.178087917912673421e-01,2.852623874665138337e-01,1.257565633542652161e-01,1.749181288156246572e-01,-3.967974080413593230e-01,4.028812916946855616e-02,-6.270106768541339193e-01,-3.450121423627970918e-01,3.397523231694398738e-01,-7.194382308335944831e-01,-7.592887199899459594e-01,-3.163902061819862110e-01,-1.673486457099960245e-01,-9.295452437559725833e-01,-4.151646693012677192e-01,-8.311323925890564679e-01,-5.407383463002062296e-01,-4.362599307035576190e-01,-3.623599107308967948e-01,-7.558042062398230287e-01,-8.243434400008302632e-01,-8.248484926609815915e-01,-6.801772836018816770e-01,-2.467883332435264476e-01,-9.513988948429330517e-01,-2.658324090773667853e-02,2.003845873802119759e-01,-1.683901321467997925e-01,2.997268244694158978e-01,-2.029999327315857027e-01,2.439512322114773535e-01,-2.131432953539171837e-01,4.441903333973650225e-01,5.262944980102287618e-01,3.743681191708198019e-01,5.465120581466388350e-01,3.018083318778357338e-01,2.912091863366610411e-01,8.650043491286754094e-01,7.367948898926062196e-01,5.216781808497460426e-01,8.002003789893601393e-01,2.188695656688764424e-01,4.662731664974816836e-01,4.166436436320924419e-01,2.566652929308746445e-01,1.776998741567180073e-01,2.921141389410931710e-01,3.518712032383588539e-01,-8.729812256286333116e-02,1.476771975495020095e-01,1.053014697005223710e-01,2.510128403556661780e-01,8.269134770519645516e-02,-7.014635823257261982e-02,-2.596481228110570916e-01,-3.243122267591773134e-01,-6.750460054972857726e-01,-5.853140123084983326e-01,-7.012926167987952875e-01,4.309459035556029161e-02,-9.709364022557612772e-01,-3.947634826871707636e-01,1.398990375295435795e-01,-1.144688230194662037e-01,-3.934556189288563322e-01,-6.621428525229232642e-01,-5.154186441537578212e-01,-3.635842291101418766e-01,-5.474009736779644753e-01,3.289908961939376209e-01,-2.081026578990321785e-01,-9.920697163632992144e-01,-4.234392308406157435e-01,2.996132086991584731e-01,-6.825508915949643485e-02,-1.615501852396004218e-02,4.262545574417417882e-01,8.637802187189668190e-01,3.025709164235652615e-01,3.127561705249634061e-01,2.595458436037534344e-03,5.709367257024375863e-01,3.610409959971296323e-01,2.965505448251798404e-01,4.277772600275477344e-01,4.933381649482474485e-01,-1.601616223660521365e-01,9.746824410463345023e-02,2.149837023689486482e-01,5.755116158423992934e-01,5.441332234315958694e-01,1.292717297431816847e-02,5.362871298605046411e-01,5.934595899390534557e-01,2.767790351955357608e-01,-3.864011265106802040e-01,-1.823766216323620404e-01,1.472217161994611445e-01,-4.670208608147968787e-02,-5.298472746597945315e-01,-3.365998048467391257e-01,-7.797242837246270986e-02,-6.512440707408069240e-01,-2.622276003666274002e-01,-1.098234422218602457e-01,-6.108085505358249456e-01,-4.310479637062586411e-01,-1.008384650111620928e+00,-6.168512165770122513e-01,-4.676742909734821763e-01,-3.653005244439684329e-01,-6.645464998914992760e-01,1.135381099239615166e-01,-3.854268856228348916e-01,-5.267033818501345444e-01,-8.090544813516070688e-01,-8.633737896899909003e-01,-2.819054000605169530e-01,-8.370918536794297315e-02,-2.204591796608811050e-01,-2.589837638726314450e-01,5.178522862647607639e-01,1.717403847729152000e-01,-4.929580823912002585e-02,4.523379842820890451e-01,-3.131424505839003891e-01,4.991518831708646742e-01,-7.356409882894460184e-03,4.485631847137647732e-01,4.779892333587477671e-01,-1.150526792321789893e-01,1.817020636627913466e-01,8.116403334408951453e-01,2.597836159797347610e-01,4.548837650733069116e-01,3.425539794897941581e-02,6.137623023249638710e-01,1.530071587473327277e-01,7.768486113995489717e-01,8.231762167539056207e-01,-3.187538087605686909e-01,7.533196437046048022e-01,-1.757502343499397768e-01,2.146092805210020882e-01,-3.040925202378235714e-01,-4.652747713842070310e-01,2.373799267767395249e-01,3.939276567410262553e-01,-8.942328880813191216e-02,-5.729652844496800901e-01,2.099630517944187091e-02,-2.594875618203159595e-01,-4.764066655799289451e-01,-4.960573458319427198e-01,-2.391713717249235871e-01,-5.936154902670723876e-01,-1.070607459307537868e+00,-8.186472881183415318e-01,-6.711403026567192009e-01,-1.888721316736962641e-01,-4.307831206076304653e-01,-7.883647892599021656e-01,-8.003054529206907741e-01,-4.750630372320522876e-01,-9.495990729294849775e-01,-7.638138771276201666e-01,-9.202358839992673678e-01,-8.160165090613442640e-01,1.573365225526122679e-01,-2.065553035264719450e-01,3.217991353528429910e-01,2.278902071987383704e-01,2.538086968412114341e-01,2.166733279770098330e-01,-7.547555016038931530e-03,5.614248399086756436e-01,5.409183511632416064e-01,8.151408016671713996e-01,-7.381973487165016667e-03,3.193163972501137371e-01,-1.612195043697614016e-01,-9.512382128685492599e-03,1.921012560728980467e-01,7.783112419566560192e-01,-5.238942594935558361e-02,7.039907328785750540e-01,3.231809344039759946e-01,8.676153421960079992e-01,7.880349134496386632e-02,-1.281591792637870042e-01,3.019682461762446257e-02,1.300136305632067502e-01,-2.157658641135558053e-01,3.887899679468075353e-01,-2.019139066991340326e-01,5.406422719455896697e-01,-8.955392907803572111e-01,-2.498790707712433001e-01,-5.760925857913098969e-02,-3.317207587620373821e-01,-5.741829992912642622e-01,-5.695872348785039341e-01,-4.950144921488570660e-01,-2.841446485155779689e-01,-2.822604693025149714e-01,-1.079859880078515744e+00,-6.146000256566046538e-01,-4.294614387369583008e-01,-5.775310921151086685e-01,-2.384753732521046055e-01,-1.058839899177917321e+00,-1.300420679633452758e-01,-6.877439690059710120e-01,-1.443162186231824462e-01,-4.672617669421513797e-02,1.713999749913138748e-01,1.236664711416423090e-01,4.817067936273651263e-01,6.102124722221161646e-01,1.470895767094927420e-01,3.403150445531514245e-01,1.101532002565278334e-01,-1.185888566661599253e-01,4.894980051479558281e-01,1.570538608336242981e-01,7.711752458368728025e-01,5.118516316730128413e-01,4.289537978251693473e-01,3.184334854848445140e-01,5.292349239841450670e-01,4.950333418081014347e-01,5.576905437501548102e-01,5.255246485380719035e-01,-1.976616682723650875e-01,1.989244713450200319e-01,1.261870567841924529e-01,2.891450448701043396e-01,9.184655221653986734e-02,4.307334813895075110e-01,4.085585644482422341e-01,-1.643732621797969473e-01,-6.460489688210671599e-02,7.345260088157473666e-02,2.098093671353233047e-01,-4.831745190472998552e-01,-3.112309256113067191e-01,-3.623218037834918803e-01,-1.382774073909164847e-01,1.873448917741288300e-02,-4.431843774609582898e-01,-3.139810055659043031e-01,-4.219483147739071516e-01,-6.850521321435575350e-01,2.137967811468343693e-01,-6.871708824662675630e-01,-4.188813036022645542e-01,-2.157360492976975186e-01,-5.176444634813277546e-01,-9.877173851757006240e-01,-6.798069746112724854e-01,-9.840262464486059235e-01,-6.252055585268578852e-01,2.543660491839973004e-01,-5.946708385619006165e-01,8.509652445876461635e-02,-2.024609839491592622e-01,2.547408223334893806e-01,1.838483450064568869e-01,4.371209748834864461e-02,8.772887140545906348e-01,-1.210280400817929092e-01,1.724779419190745344e-01,2.910421251519705876e-01,5.189739563011653845e-01,-1.734255626521797877e-01,6.540067323401839161e-01,1.055735610191474105e+00,3.120940526665555992e-01,1.463065858466305325e-01,5.288808664248738634e-01,1.776198603246651186e-01,1.416331023987302262e-01,6.441457456071592036e-01,6.861131245892679864e-01,2.378904630132383513e-02,9.402184748851543095e-01,4.416115120024310947e-01,5.504340886035188340e-01,-5.417113536382857086e-01,-7.580852682792693642e-02,4.602319193765597866e-02,-1.778931542369287522e-01,-1.012142998388160242e-01,2.701400604337698130e-01,-3.596604267362547569e-01,1.090255433947634467e-02,-2.261455002849458440e-01,-2.179521164654263377e-01,-5.403379636269095565e-01,-1.239596554543736517e-01,-9.173007957993410955e-01,-5.526377345995754364e-01,-9.657609917758693818e-01,-6.725155836206203608e-01,-7.680087234627287485e-01,-6.586848397410882683e-02,-1.038289371226597479e+00,-1.089053682749926422e-01,-2.458522656376641857e-01,-8.308350292183217523e-01,-6.659915411773447147e-01,-7.911516631807726796e-01,9.281539286318776782e-02,-3.011250855861342113e-01,-1.635650341372869299e-01,-3.290210304042512357e-02,3.024311977518515659e-01,2.233765906670224233e-01,3.108900370955842707e-01,4.963052239229242546e-01,-6.807357833179372708e-02,2.145000102168088951e-01,5.704729846021873163e-01,1.913260963689094596e-01,2.208590849026637881e-01,1.069404687390793363e-01,1.245515226473510317e+00,6.825583874959402220e-01,-2.232105594934422066e-01,9.377521806690958250e-02,4.229367055883398452e-01,-9.675290081588328039e-02,2.112709926947802797e-01,-4.418594012532125470e-01,6.936628010121492771e-01,3.019060610908578246e-01,-6.347488994323376987e-01,5.610817539085974359e-02,2.168920556370387831e-01,-1.760134593740615358e-02,-1.345159833431456842e-01,1.592926793235250327e-01,-2.171711658459483107e-01,-6.346010828679005122e-01,-3.903803960246101101e-01,1.217489125813312478e-01,-5.813843562386510344e-01,-7.549970003420356512e-01,-9.054664641182212925e-01,-6.139309651539488488e-01,-7.112922271538482111e-01,-5.195517505329017016e-01,-8.652199076840620950e-01,-5.370913347925547754e-01,-9.117845269555489018e-01,-2.216556940301415146e-01,1.984280219799793299e-01,-5.448741009448865302e-01,-3.592079712171009076e-01,-3.337504142723700662e-01,-5.063287645121998803e-01,-3.306051418401435571e-01,2.238062041561490745e-02,2.420460851188212248e-01,3.132579743743659773e-01,8.024234316344162898e-02,4.729816370661914515e-01,-7.796744489668094857e-02,-1.352738402266602802e-01,8.327968302972904580e-01,7.595669399076949713e-01,5.582895875972861965e-01,5.993703384397801592e-01,6.467079670548449011e-01,5.679448987224242629e-01,-9.961520824591230117e-02,4.341473119787253587e-01,9.539685110910852694e-01,1.088375220128635634e-01,6.136834251628728865e-01,1.913342909888754162e-01,-2.748200388922586446e-01,2.593034800019560215e-01,3.283212711796577032e-01,-2.054478117361024370e-01,7.845864021908919295e-01,-4.998550900730229785e-01,-2.431912251743892361e-01,-5.021788353508419567e-01,-1.777247107480625921e-01,1.583142238606398411e-01,3.762136578193182590e-01,-3.641125528257930233e-01,1.776869828962129860e-01,-1.039310034433411634e-01,-1.367860807143529978e-01,-7.759022313271751736e-02,-4.767515809501786661e-01,-9.692353614334886514e-01,-3.553688129688107322e-01,-1.609152758786423498e-01,-6.001920782429460699e-01,-7.956642105413758159e-02,-1.545111092113228279e-01,-5.264001947502954248e-01,-2.843152362972980463e-01,-4.611461329995811265e-01,-4.892163655176414161e-01,-4.075856469642847868e-01,-4.509537964052544590e-01,-3.940599098008789047e-01,1.168251339871703015e-02,3.476351987012568645e-01,3.107522365860241331e-01,-1.567846732491934847e-01,-1.726839352549673912e-01,4.853073814736157399e-01,7.600368151857052057e-01,1.061020597703610679e+00,1.864751464223298183e-01,2.066889724924050320e-01,2.769564031525332259e-01,4.636521175452803512e-01,1.728685521377190670e-01,4.784209803522364579e-01,1.201247730062946273e+00,-1.248314492459944858e-01,4.078818006712314759e-01,2.272225012230689734e-01,1.476718576474829736e-01,3.646388072272296887e-01,3.204180709809122396e-01,3.267651202958188339e-01,3.187181065542519787e-01,-3.114677945774748102e-01,2.683463577854581228e-01,-3.947425975768866779e-01,2.976803595663896074e-01,-2.285827565160683528e-02,-2.917393598500916396e-01,-4.225332368495587909e-02,-6.416917914439810300e-01,-2.549347431521781782e-01,-8.158544153424023282e-01,-7.252986342470791881e-01,-1.857401546546685323e-01,-5.977833721549667967e-01,-7.174037816846099425e-01,-7.848362072500270070e-01,-5.943607035711335751e-01,-9.087990760171117399e-01,-3.666290717656897069e-01,-2.224509180728403424e-01,-4.863870760381767133e-01,-8.905651296929592564e-02,-5.552488019600168578e-02,4.031698535856327870e-01,3.297094649659786381e-01,-1.650850873455948498e-01,-3.826142527792008446e-02,6.457687760017440937e-01,-1.353298657090038493e-01,-1.318032977489689839e-01,5.749981136512387625e-01,4.439355669551361405e-01,6.838597966446788856e-01,7.289113755822969054e-01,5.201336023982382484e-01,7.552125517877211758e-01,4.386771080371766884e-01,4.727641908530906822e-01,2.387572014249448038e-01,6.517249780371863199e-01,6.386768693198083824e-01,5.507440465207451563e-01,8.610147308315104775e-01,-4.728000198303440316e-01,5.618050026152967558e-01,-3.363658741572779776e-01,-9.633827386690912986e-02,1.472579158617723649e-01,7.995007029657653641e-01,-2.378561209729734283e-01,8.047251366669962991e-01,-4.123216543935805944e-01,-5.844801396332608423e-01,-1.806778586092670225e-01,-5.119319661766805751e-01,-1.120762608343183642e+00,-6.528877773273358276e-01,-1.862165242000090593e-01,-3.586301629597871687e-01,-4.273339967903876935e-01,-5.164794885519499168e-01,1.144574789261438852e-01,-4.510748134447373214e-02,-2.576684914795155379e-01,-7.059741319024763762e-01,-4.689155310750696692e-01,-6.245661875290253739e-01,-2.206156154889605814e-01,-1.271613564154604470e-01,-3.559566750048273054e-01,-5.375710099207504644e-01,-4.771772103634999151e-01,-3.198939937834964775e-01,1.719623579689304738e-01,-1.184035001477828364e-01,5.126246937852620977e-01,1.362909308748997683e-01,2.344576242933230081e-01,3.579710837784345623e-01,1.270276502832845544e-01,9.407842356012128260e-01,3.003753976324871067e-01,-2.083680504951448409e-01,5.578885119158405459e-02,-1.253401576041562882e-01,3.981524889129048339e-01,3.521369879014256687e-01,-9.066051338709024687e-03,7.285710467178287963e-01,3.368075939122872065e-01,-5.327670029087920867e-01,2.701631677938872711e-01,8.223820287464838064e-01,5.385942039068892795e-01,2.590326616016512262e-01,3.514653060825175257e-01,1.302642486307738212e-01,-3.018587555599375194e-02,3.810346945046016454e-01,-2.082930937670645910e-01,-3.816570591884225205e-01,6.528355899891721825e-02,1.910799996205671814e-01,-4.497988904281363109e-01,-6.196964108932131454e-01,-5.080792328852483664e-01,-5.670634720586092969e-01,2.796019317056945841e-01,-5.578965807614981731e-01,-6.679654118968358922e-02,-9.478459006481128046e-01,-1.534983810214496369e-01,-9.966137913982042740e-01,1.847148717423208186e-02,-5.054394247067238721e-01,-1.817157336410333279e-01,-3.422185145119387428e-01,-5.943149748147654732e-01,-6.401303641048627924e-01,-7.781830219431343232e-02,-4.974418751656746185e-01,-2.518184413386762022e-01,3.559800394621464442e-02,5.245512307271352204e-02,2.235078071475079531e-01,-1.934693003904003339e-02,-2.740211915448620417e-02,1.087555268975503697e+00,7.046418459626848652e-01,6.306118672357531318e-01,1.866774621244656207e-01,3.520572261923826662e-02,9.056237022584028296e-01,1.831541559271355202e-01,6.750679806428335761e-01,-9.882878384133103600e-02,6.584811170364425204e-01,5.178713856302243901e-01,4.905305157411657402e-01,3.159861305403977583e-01,1.333655237454925702e-01,4.027369740568231826e-01,2.852773431013081451e-01,-9.001491278097815962e-02,1.657858364308663623e-01,6.527293633158558206e-02,-4.484407959570745755e-02,1.171092538876942202e-01,-2.861433764541393421e-01,-5.036469606422352419e-01,-2.774329423581776144e-01,-4.444032294504801639e-01,-4.966541121769849632e-01,8.177162029032192248e-02,-9.767783715412327039e-01,-4.739652792650534963e-01,-5.349853072612811289e-01,-9.833411195600664234e-01,-5.631015603923769097e-01,-3.618524777208023679e-01,-6.579423442818942425e-01,-4.875460987001768443e-01,-4.873031900157564489e-01,-5.857939664195909168e-01,-4.241232964893495994e-01,-1.686478720184167446e-01,-4.592437393888930131e-01,-1.263764348968390294e-01,-4.042931511456453464e-01,8.145829027843604075e-02,3.132941827332014206e-01,-4.605155718227005313e-02,3.390151274538210080e-01,6.388762816821189627e-01,-3.447975133576499096e-01,1.955737769332882015e-01,1.820058115044316249e-01,-8.796142221603947542e-02,5.720690432906545553e-01,4.019432640742967022e-01,8.302627872500251138e-01,7.458700096687136405e-01,6.493234030501303655e-01,9.706730569291830424e-01,9.909746666255329073e-01,3.381225825603900725e-01,7.971059480082032245e-02,1.410057418037569121e-01,2.446478993177199079e-01,9.307900574427283025e-02,3.535111695442960666e-01,1.369118507967994613e-01,1.581519873734164028e-01,-2.846314267465912540e-01,3.055792610023320630e-02,-2.649637352033791249e-01,-4.149586066685490016e-01,-2.774875865487678173e-01,-2.586443043284084031e-01,-2.129596238140527564e-01,-1.235188435733444834e+00,-8.043609442708321566e-03,-6.219090740107314774e-01,-4.625903572508009987e-01,-2.247223383840833977e-01,-7.971149469224629858e-01,-6.609994568286704508e-01,-3.567292831915612750e-01,-3.431645906299742310e-01,-6.379719574158619899e-01,-8.369467092198634717e-01,-8.176650217030212442e-01,1.310037057081426259e-01,-5.164233173708030478e-01,-8.849215168794904995e-01,4.870463577625477880e-01,1.708898878314364655e-01,9.208559736383309380e-02,-2.227353726127477840e-01,4.023340465290925483e-01,1.004265646779941012e-01,-4.071246874708944752e-03,5.635704961372078881e-01,8.687387961114583224e-01,8.028234579083231015e-01,1.504732595948633511e-01,2.773975745539298265e-01,6.157581310577255884e-01,4.219696526782115709e-01,6.544522815302111773e-01,3.911574201183622979e-01,1.523462098990907287e-01,1.650923996703440866e-01,6.643967738825318214e-01,6.292077991203246512e-01,5.459244600008058557e-01,7.478276575555349304e-01,6.459302561866382408e-01,6.610629749069901751e-01,6.844026716938205190e-01,3.378573621122846760e-01,2.835262057249619549e-01,5.038289795609880439e-01,9.825192412031288902e-02,-2.160364114062611751e-01,4.402989896525345004e-01,-4.400887656169284456e-01,-1.210221492553851252e-01,-2.184185629391872108e-01,-7.299232527657417702e-02,-3.672473187563904395e-01,1.610437480743968086e-01,-6.741103154884193760e-01,-4.550656149644600745e-01,-6.638769406918044735e-01,-6.683706248496427138e-01,-4.039857209783585534e-01,-7.610609883697032618e-01,-7.989545334055577763e-01,-3.543032567139750011e-01,-3.305889937317313954e-01,4.300708560862753771e-02,4.835498148565819942e-02,-1.202302792051532232e-01,-3.099924941092287445e-01,-2.147767567807982725e-01,-1.833264269598279816e-01,3.591409668634031327e-01,4.976388998075453873e-01,-5.259549582847994342e-02,2.652387262837552773e-01,-1.152607928657728431e-02,7.213472103458820062e-01,7.457332154539573210e-01,1.268598184534815987e-01,5.365960142615827655e-01,1.017207630701689069e+00,1.058682151636919588e+00,2.893078493710433685e-01,6.114661113740895715e-01,4.040162926895416451e-01,4.981996725238129753e-01,8.111945658656920521e-01,4.692036177106384542e-01,1.012288244753640543e+00,1.676548348589173010e-01,1.081115356375372372e+00,4.132200443104071530e-01,4.856761156923726230e-01,2.347310824613608460e-01,4.328645157835464552e-01,-1.597017796444289706e-01,-3.396299351134306477e-01,-8.480691659160108919e-01,5.355445407772710387e-02,-9.713482541373502643e-01,4.393477741524538516e-01,-5.864229194858100458e-02,1.183648725423075976e-01,2.849624600074897596e-01,-1.344941811845054014e-01,-4.587270212593686503e-01,-4.658608948417163886e-01,-5.994313707343745801e-02,-9.915776284740654978e-01,-2.809733084597458297e-01,-4.945767827453256826e-01,3.039156437341911099e-02,-1.529609904790067976e-01,1.012006500189762681e-01,-4.456300376080473136e-01,2.822882931852785937e-01,8.132303078010837405e-01,5.888317315065331181e-01,5.260332239871295945e-01,1.003927113367652835e+00,7.313093803217635136e-01,3.957066460308170663e-01,1.025299420450815208e-01,7.554843009509550900e-01,3.296494256952106072e-01,5.913200152226534279e-01,9.458148839838835809e-01,1.041572582989146012e+00,4.472420047657722497e-01,1.154373696293293339e+00,2.842544614710781348e-01,4.605111004369659700e-01,6.762581769946407473e-01,8.945099166996367535e-01,8.630841500887197482e-01,4.213591833507095985e-01,6.330718797539652831e-01,-6.148873040149283042e-02,6.099279461926688795e-01,6.857134287874154799e-01,1.640197148544948469e-01,6.191213652387596023e-01,-2.488874434112926110e-02,-2.546242240852614191e-01,6.326499086433345909e-01,4.916963368011254554e-01,4.279528412043619445e-01,-2.927365388829761272e-03,-1.908365496179529885e-01,3.340698199235627164e-01,-4.063629564763288071e-02,-4.755457668514145309e-01,-1.169514172282336562e-01,-4.021750988743620914e-01,-5.911832837627426507e-01,-4.166250805603913809e-01,-6.488122636160398304e-01,-5.959802052124096861e-03,2.254493768043903668e-01,2.477958366206787777e-01,3.534075011376196507e-01,1.349461351736778725e-01,3.354724009456139244e-02,6.954755205973480736e-01,5.405809547647317803e-01,5.792085264030441549e-02,7.286325560855436145e-02,2.392612075744977307e-01,-9.722298914381066748e-02,8.993608682004853305e-01,7.967087758548794252e-01,1.137771866319871705e+00,1.906433065398647486e-01,6.880141153612481242e-01,9.686904142593771860e-01,8.885078740914390538e-01,4.040528248422565749e-01,7.078116332910876496e-01,1.057234106226832893e+00,1.058677409517987389e+00,5.390449331324473903e-01,8.080015649247882514e-01,7.538319778857716091e-01,7.319249555986981903e-01,4.816610387910904567e-01,4.893792603336703517e-01,1.928231526566318021e-01,7.347861494024559015e-01,6.087025700897965574e-01,2.909220002115758263e-01,9.481047790870826830e-01,2.117643579200762516e-01,2.053639506589773067e-01,1.497150234181297002e-01,-1.595587957117607092e-01,9.211684977580941736e-02,-4.245997590128366417e-01,-2.235382328755097792e-01,2.226227810050579459e-01,-8.159101457487771825e-02,-1.572668308694454842e-01,-1.393733776098772803e-01,-2.352185103796165522e-01,4.437956774660156145e-01,-1.186747442653784956e-01,-2.567135850188417834e-03,-1.088651454820315778e-01,-1.026695156537821840e-01,-1.874880463252512341e-01,2.256724620755395927e-02,1.520294582749415202e-01,2.110549689662893358e-01,9.804656905612432749e-02,2.837559457326120360e-01,6.482172707577310566e-01,9.076429726078076854e-01,1.024686932001465101e+00,5.510990397301562815e-01,1.056751543901440993e+00,9.935144552162044063e-01,1.335613157927244776e+00,8.797535330121776243e-01,1.055709968198702775e+00,1.120365676343834771e+00,1.066259117315137672e+00,1.157948800720836946e+00,1.057812430177025309e+00,7.795386269653394873e-01,3.501374987659029436e-01,1.220373416240525977e+00,7.081195561275739347e-01,2.051028147772072097e-01,6.488929315910190176e-01,6.173327658688532171e-01,8.568525466853430528e-01,9.176747267764022720e-01,5.083116199337375241e-01,8.075784736963169674e-01,4.385003204588234227e-01,9.100809095419770678e-04,-1.060500372148421300e-01,9.280892342692609320e-03,5.721048737053744393e-01,-1.977388436166855334e-01,1.222510263305098821e-01,1.697136573227546186e-01,2.716910035950304558e-01,2.707531935297777803e-01,-1.514787205177625662e-02,-7.679898526938749859e-01,-8.204594761420092031e-02,-4.876815373699666667e-01,-5.350274710293089209e-01,-2.432680735073983191e-01,-3.225974514838758633e-01,-2.932037867791634778e-01,-7.509521778122651980e-02,-5.397769495972581932e-02,-2.266462580534826521e-01,2.102278308944764418e-01,3.111683215238460476e-01,1.991767417531022932e-01,2.269372932834171630e-01,5.972031674298092785e-01,3.622641104465580963e-01,6.842430127892125125e-01,4.428189583293130061e-01,2.576417726733036262e-01,2.965660508155816832e-01,-2.177757241728673632e-01,-1.093075354219250062e-01,7.034816105800127950e-01,5.714436098494026783e-01,1.115673495677302007e+00,3.100969702414828055e-01,7.800184039935801339e-01,7.431544627138894077e-01,1.820569072985086800e-01,1.167614047827530310e+00,5.799136226927297244e-01,2.326497772685349741e-01,5.866099684200929421e-01,5.316818011086061890e-01,6.795372385512019608e-01,1.729438902542303758e-01,5.082701918422125598e-01,-2.128304698133876016e-02,3.636994618562441328e-01,-3.627386728130075344e-01,-1.309476972513573534e-01,-5.707914264912772317e-02,-7.033623068335170814e-01,-5.055265894748983690e-01,-7.092414853869928315e-01,-4.566903653308085342e-01,-6.514006321439366198e-01,-6.486920811035389312e-01,-7.233855683743271037e-01,-8.566861988549574480e-01,-2.503608375448360679e-01,-4.707447506970389162e-01,-6.562454453968151746e-01,-4.282677223417634682e-01,-3.513346349018648951e-01,-4.158541692038300042e-01,-3.611189547360215135e-01,-8.575367533656164110e-02,-5.295122427424191480e-01,-1.922257320794162894e-02,-1.373789450270751500e-02,-3.027949790279426123e-01
-3.575941096985707501e-01,-4.416601252714159598e-01,-1.409863295071054623e-01,-1.426580013242373657e-01,-3.875107231748420866e-01,-4.452330406048942701e-01,-3.185144312470650774e-01,-8.370988373576818686e-01,-7.548055768176297198e-01,-5.166118588315392612e-01,-8.657793497095073176e-01,-5.380941835141892504e-01,7.638545813079159474e-01,-9.002326129156018597e-01,-9.999226049135467864e-01,-9.020288266684344247e-01,4.448698206184500403e-01,9.707612089541303169e-01,-9.116790795510978374e-01,-6.969318227560306056e-01,9.918240033207673667e-01,8.381604714688992708e-01,-7.138188777804669316e-01,7.675373206146539617e-01,4.788243298040600199e-02,-8.319149977358072379e-01,3.943539750512074504e-01,-9.646091367575223563e-01,9.702077270511695328e-01,-9.741933278718798439e-01,-6.989807043831680611e-01,-9.999986439637753577e-01,-6.923687449700932639e-01,7.236143833246255763e-01,9.997075422954040391e-01,-9.662171146458686799e-02,-2.419006804416509449e-01,8.303183147007345832e-01,5.793064164280475881e-01,9.979351214280923754e-01,-8.671927014796053657e-01,-7.743170703584791870e-01,-8.593208276261979917e-01,-8.651459418617447605e-01,-1.568731828392581074e-01,-3.307962804186932448e-01,-4.150831428776737830e-01,-7.923919491444445518e-01,-4.113718979343708448e-01,-2.948715091899292151e-01,-6.180204349459422764e-01,-1.994306912598085013e-01,-3.650121359299031698e-01,-3.108391637498427729e-01,-2.260398654541915797e-01,-9.138283894866197077e-01,-8.849610470989309752e-01,-5.911687074605382897e-01,-9.925219088566812342e-01,-9.988329009870673403e-01,-9.940264127075829625e-01,-2.972858940612510548e-01,-9.940767723152469371e-01,-9.945553873140388079e-01,9.973483112191314781e-01,-7.967785683883631398e-01,-9.567168436354852590e-01,-3.488946850927241439e-01,8.682277181630969343e-02,-9.604805652375318914e-01,-8.757618058916002424e-01,8.030400309578691331e-01,-6.857081785525626083e-01,7.372317556712091324e-01,9.234996518900501217e-01,-7.855749237859213085e-01,-6.017591078583555131e-01,-4.409126716062561346e-01,1.379666112046569193e-01,9.602857335395567073e-01,9.033799522643567448e-01,-6.349216437578663053e-01,7.058700112360370982e-01,9.011737986715347981e-01,3.176926107962383394e-01,-5.896878092576827157e-01,-6.376510819408390263e-02,7.915865893977344081e-01,-8.815134103847327429e-01,-7.396715114391425594e-01,-8.860032324509209412e-01,-7.037441646917191873e-01,-5.660184610828555840e-01,-5.107398321455087764e-01,-3.743342628890138912e-01,-3.768399998738532486e-01,-3.143490213725035343e-01,-1.485502375615927184e-01,-3.291795442568596353e-01,-3.308160495922120026e-01,-3.615217701565265895e-01,-6.219781060073666934e-01,-3.533025494835001501e-01,-5.196510414153640012e-01,-9.064532230085782238e-01,-6.973465405690306707e-01,-7.038720297250253832e-01,-9.205350695251562909e-01,9.149524472443674172e-01,-2.717897913548417144e-01,-7.385132570063341895e-01,-6.704032419608908500e-01,-5.778634095417904959e-01,9.998188021101908074e-01,-9.867086253609526070e-01,9.969627872654288625e-01,-5.274973868158036039e-01,-8.600498418202175976e-01,8.622292261107592504e-01,9.921247151684632337e-01,5.548362613498571960e-01,-9.245949348309717708e-01,8.221399858779916414e-01,-9.860999513572068498e-01,-9.304561823031997081e-01,7.451367283075538417e-01,-6.729353824862592814e-01,-6.601113180623208176e-01,2.366279321898062324e-02,5.008022244584923177e-01,9.984506852174647173e-01,4.984589810610385308e-01,-9.963587050723106131e-01,3.623407282901847104e-01,3.633856628205066608e-01,2.547448697592343825e-01,-8.658893515963764775e-01,-6.130651745589668078e-01,-6.514226667673298499e-01,-6.860930593230748498e-01,-5.703631102754053162e-01,-4.165711483294187722e-01,-5.103283785610988055e-01,-3.856994229675715924e-01,-2.518815303305448894e-01,-2.640625717148032958e-01,-5.047041348892608026e-01,-6.406472756759976628e-01,-4.852306672806608878e-01,-4.598667859244439104e-01,-4.665972097412427466e-01,-5.789702893380231918e-01,-4.809380794932840431e-01,-8.019789670007355653e-01,-9.584500253631942357e-01,-9.551397670196720702e-01,-4.979480529850899839e-01,-8.825885946463409848e-01,-9.835902744445803592e-01,-4.847488079678213303e-03,9.615999561024889397e-01,-6.404637013380971855e-02,-9.940241406633545385e-01,-2.956233069222593546e-01,-9.772556399540948124e-01,9.442113722994536218e-01,-9.889994231506744615e-01,-8.895706351937060496e-01,-8.907909099511271966e-01,-8.955047671675674392e-01,7.228808698308088199e-02,9.994233369532725675e-01,8.117970814004684676e-01,3.309094915529806058e-02,9.056190593438517844e-01,-7.415888183880814388e-01,-4.420025051093179891e-01,-9.817666962734570291e-01,9.775287974701670768e-01,-1.156988177193920692e-01,9.732131166167721226e-01,-9.992881254984032902e-01,8.399091800458424739e-01,-8.371488833762270598e-01,-9.094376810976129155e-01,-9.998164617770872731e-01,-5.973220707105105776e-01,-8.572904699328238731e-01,-4.066786567162044563e-01,-4.057009226844908722e-01,-5.364579429830469426e-01,-4.001256158134657848e-01,-2.999066923032951970e-01,-3.141246962296751488e-01,-3.667123608620775910e-01,-6.053794199838861134e-01,-2.475826163452704287e-01,-6.215079653370197965e-01,-1.928850798715926185e-01,-9.235555934612099671e-02,-9.542370192139456586e-01,-2.810880843124561324e-01,-8.257796235669907503e-01,-6.444724956999455800e-01,-3.678917823516626995e-01,3.313066714573192351e-01,-7.554203691243381869e-01,-8.879956331454427199e-01,8.522231333078963411e-01,8.597134541829202226e-01,-5.292150297110529422e-01,3.757310767387799788e-01,-2.996120137721028920e-01,-6.408228054524401918e-01,4.701101154533776638e-01,8.675226104495120660e-01,4.561783224908786405e-01,2.929982317970357686e-01,9.990759484813096503e-01,2.085628412296709755e-01,-6.994253351627418569e-01,6.020769241356982437e-01,-5.021590788757084312e-01,-9.799810820015757429e-01,-5.169413286672813745e-01,-9.819173028450880469e-01,9.981627436383141427e-01,-6.588022772188421861e-02,3.457830837812491676e-01,-6.687899642635808384e-01,-5.392588655329060288e-01,-3.453343197957709498e-01,-9.775269538782933587e-01,-7.434222750338957963e-01,-7.887011970435652275e-01,-3.635007612108011044e-01,-3.062052640322698305e-01,-1.793533327959989099e-01,-6.968741443472071806e-01,-4.300794943989215136e-01,-4.885202148155455282e-01,-5.345660610753221187e-01,-6.059480438471648300e-01,-9.188580307508380229e-02,-6.351529892736206273e-01,-2.001344357999058632e-01,-5.854211062327231430e-01,-1.538521625499056633e-01,-8.219488231767319020e-01,-9.758945077304581606e-01,-9.993264837913954368e-01,-8.881640190856855410e-01,-9.733323597863137167e-01,-8.671423415656985823e-01,5.276371891744388032e-01,-8.798675408281937393e-01,9.992310159952398907e-01,7.537470299973720866e-01,8.045354325627539493e-01,4.404384804525858788e-01,-1.746849052968936500e-01,7.897947516309926363e-02,9.998179925465406903e-01,-8.672431824747791618e-01,-6.310949390085867083e-01,-6.827205964840047381e-01,6.266138692277187783e-01,-2.552634137763019062e-01,-3.381597834508162093e-01,-7.284402050129077377e-01,8.811394728058502546e-02,4.259932065314126493e-01,-9.993370549634967848e-01,3.675535746385995006e-01,-4.069715269149028480e-01,3.493968704217164656e-01,9.699146135696667947e-01,-9.322803784143444128e-01,-9.835353416424356121e-01,-1.190955340991243644e-01,-7.624166949110703362e-01,-8.902046544880526380e-01,-6.691751843269587718e-01,-8.179055923144445961e-01,-5.852856750310198031e-01,-1.307369961918225798e-01,-4.059835501962337778e-01,-1.848181037163997009e-01,-4.122120647451789077e-01,-2.999282279296178189e-01,-4.378861068608462803e-01,-3.255672465162556817e-01,-2.472364290012419585e-01,-8.835939985654981399e-01,-6.058454662457458673e-01,-5.333047301575918331e-01,-7.553660408556990280e-01,-8.025716981562157626e-01,-7.305117072691320601e-01,-8.986075340821921831e-01,-6.329566732286923125e-01,-6.950258552048589333e-01,-7.753324205117689827e-01,9.953527637520257487e-01,8.571580872311586052e-01,-5.641815138903822913e-01,-1.678316111164100954e-01,-5.768410371012726578e-01,9.533355647315368275e-02,5.181399537407558320e-01,-5.221511042674294861e-02,8.101049816555644378e-01,8.242409764819663698e-01,7.945792783957281724e-01,-9.915793005713156028e-01,-9.092923940133559313e-01,-8.219943854105442593e-01,-9.451370452848558701e-01,9.805772344737637702e-01,8.998000225804898555e-01,-5.115600775910906783e-01,8.124841372886250079e-01,9.103864609698102406e-01,9.752328672854853053e-01,9.474782807652259997e-01,-9.305938854119218950e-01,8.783962430014998768e-01,-9.255495255232910612e-01,-6.364219493374285719e-01,-3.839879627798500339e-01,-8.318437071960523843e-01,-9.501687191666720045e-01,-6.158361922743700312e-01,-4.981885313755922695e-01,-8.528904058685362610e-01,-3.836180490952866284e-01,-1.344981124635546976e-02,-2.877585228848300591e-01,-4.671735565373031362e-01,-4.156679069087742540e-01,-7.022988853334707349e-01,-5.963948050398736322e-01,-4.979473990625331581e-01,-2.572152731279056526e-01,-7.985734343078810804e-01,-5.341556519618049226e-01,-6.384490469704050541e-01,-6.286940799027413984e-01,-8.797125685939503059e-01,-2.379913532296091538e-01,-6.100215677283513660e-01,-9.979686449304718820e-01,-8.200377237263207775e-01,-7.123189889307660616e-01,-2.309809323847572815e-01,8.817108538315701072e-01,-9.342724018724098967e-01,-9.034435003408908260e-01,3.427919583020034300e-01,-5.912997069163610647e-02,5.076313795177939819e-02,-4.505384196531125318e-01,-9.722098189902987908e-01,-9.013753892589464467e-01,-2.155945177440037330e-01,-4.158307660825310559e-01,7.267738241846779523e-01,-1.867060358289804323e-01,7.942064650625590971e-01,-9.846066132228552537e-01,8.663976514222333780e-02,-8.135673197668419343e-01,-6.821757506050062370e-01,-9.950824118813069719e-01,-7.915969848260592245e-01,-7.655219674512446781e-01,-5.144453346537450900e-01,-8.888553595476440528e-01,-8.864500895039766348e-01,-8.504857018943209335e-01,-5.020424163937773354e-01,-4.434569800855625576e-01,-3.386083331576787980e-01,-6.015653202590979243e-01,-4.858736480638783384e-01,-6.222106466398359403e-01,-8.766544380841257214e-03,-1.992688832716035530e-01,-6.484231500467063647e-01,-5.100996346684880667e-01,-3.282469191636181449e-01,-6.349922244271628546e-01,-9.998408797174141993e-01,-9.756424600111305301e-01,-4.575578469524207992e-01,-9.253512324933115263e-01,8.428661035814333236e-01,-8.975823840770026374e-01,9.269065365188317029e-01,-4.704572640285122898e-01,-2.990751784740589558e-01,6.846072149930645945e-02,-5.251049520614746724e-01,-4.995121872566839899e-02,-6.709349898711578497e-01,9.970822284833814608e-01,-7.815132415793440979e-01,-8.021959759639181176e-01,4.960370371140755408e-01,-9.547251928849881386e-01,9.938671581281818268e-01,4.081080860265300925e-01,-7.040657300309498545e-01,5.681368206624269890e-01,9.892288257675490026e-01,-9.598464920349837337e-01,-5.417214934679476235e-01,-4.122773881138456220e-01,9.372203931321958503e-01,8.930068038791602048e-01,9.915539652736659049e-01,9.999738238667420509e-01,-1.060482126291921734e-01,-7.841080454194468974e-01,-7.614949414281433349e-01,-9.980203311904964902e-01,-5.192790661168844579e-01,-8.834257061975490100e-01,-6.024924429427687134e-01,-1.801812515958935157e-01,-2.625729746319686031e-01,-3.825955895680095420e-01,-3.492485765265399000e-01,-3.351961596294393275e-01,-2.863816715730235773e-01,-5.679753884215980042e-01,-3.955293210592900066e-01,-1.332805491342140547e-01,-7.918093567911131947e-01,-2.587475150075810304e-01,-9.949550486022681328e-01,-7.574256811701159942e-01,-8.153882052467481545e-01,-4.441067838718097960e-01,-9.028664455103135866e-01,-9.972492138760148395e-01,9.997942093379741380e-01,-9.281170116996421138e-01,1.822280992736163008e-01,8.769071509727873748e-01,8.741331733393626902e-01,-9.892379247604911052e-01,-7.127372530030304798e-01,2.367608308221480773e-01,-8.014744394138424433e-01,-4.582245253603531854e-01,6.986404919698364635e-01,-2.487827054150787698e-01,9.801475530528651614e-01,9.758007265767025817e-01,-7.231749732938201891e-01,9.674067464101306912e-01,5.801366905749401059e-01,8.844055790178354526e-01,5.632396693649160957e-02,-5.066343077036267184e-01,-4.735043433159044635e-01,7.592845653380179138e-01,-8.711014296498859055e-01,9.862906685416550356e-01,1.423565048482734186e-01,-8.668964833759815747e-01,-7.080935650225981259e-01,-5.267107047400871878e-01,-8.391175623189141008e-01,-9.557462813758450526e-01,-3.724794799481309093e-01,-3.626172446779807879e-01,-2.501310448619356586e-01,-4.010502333817249632e-01,-8.075894778545200658e-01,-3.384960201928789991e-01,-3.712744445872700472e-01,-5.113291459242795822e-01,-2.335679630678974550e-01,-2.966863441791904241e-02,-6.168292558869289399e-01,-3.345750222890446213e-01,-9.696349130012426043e-01,-6.252407790717474656e-01,-6.181301745044740503e-01,-3.618580000926599483e-01,7.668741436564940894e-01,-9.996563876307955621e-01,-3.162541207295957446e-01,5.842491279206929455e-01,-7.486900193923927693e-01,-9.998947485593480122e-01,8.987032960020550076e-01,-5.686204448882594686e-01,-9.428521706891530574e-01,9.776602543874491902e-01,4.197103986362042960e-01,5.012182791772805679e-01,9.951354399387365435e-01,-7.145645530218521779e-01,9.736725364429437146e-01,3.495475434299049611e-01,-9.074881693590052256e-01,9.072546381122124082e-01,-7.763499653112601040e-01,8.461422152023092558e-01,3.742333403412708218e-03,9.996925068116127022e-01,-4.326317093397835656e-01,-9.302239472793403241e-01,-2.707570619443783189e-01,-9.498113096701816804e-01,-7.652942274033656123e-01,6.249802345183759211e-01,-5.111591661155699962e-01,-9.702891293601797473e-01,-9.994598931818349241e-01,-5.764779912026272157e-01,-3.912765037223031594e-01,-3.105241775684457473e-01,-3.079132913498107693e-01,-3.872941752120099279e-01,-3.583627943896729451e-01,-2.980365732710563154e-01,-2.944043297098613010e-01,-6.450756469770645429e-01,-1.015601697691733002e-01,-2.783986809337881119e-01,-4.851567024111038129e-01,-7.927233552086226931e-02,-9.029762671480782155e-01,-9.107842899451691343e-01,-6.978504213510259291e-01,-7.876143606741971004e-01,-9.977523422505415462e-01,-8.698083160225584809e-01,4.162811735609277530e-01,-9.997324545572465748e-01,-5.452138796487788763e-01,-9.078612548494959800e-01,9.637084795151380501e-01,1.303389267494304560e-01,1.786121783134559105e-01,9.997056765829691605e-01,-9.997242629783633650e-01,-3.211142352802148769e-01,2.341268072189386096e-01,8.467950388351960234e-01,-7.428910689650990440e-01,-7.061015277648441391e-01,9.735002749358568908e-01,-8.407266479143530313e-01,6.263814875420682382e-01,6.959043145922685358e-01,8.267061967036671843e-01,9.467046537324986799e-01,9.954795113237673299e-01,-8.561063594230882146e-01,-9.183240706686105481e-01,9.969287155184637372e-01,-4.361239387486526842e-01,-7.249134227923734741e-01,-8.034440020190067866e-01,-8.210469442825184538e-01,-8.361500322695316623e-01,-5.660394775196602168e-01,-5.980253424846214694e-01,-5.166898367788503865e-01,-3.924403470814765704e-01,-5.812042689680390062e-01,-5.206525619014659156e-01,-5.873446701070537124e-01,-3.736282119183260697e-01,-3.042788351597655594e-01,-7.082783029506575234e-01,-3.062723199011802566e-01,-5.470312504345623550e-01,-9.692485089702271850e-01,-9.284474558673271316e-01,-2.004497492535670666e-01,-4.938902306445356882e-01,-8.572139213080497422e-01,-8.756970584696154303e-01,-9.785012480225242504e-01,-5.789810381826329122e-01,-6.556849803444281255e-01,3.877346596379530608e-01,8.322652561692960305e-01,7.934728447259150608e-01,-3.885508593067099614e-01,3.330924835626521419e-01,9.561892808791900844e-01,9.651741411759331424e-01,-3.730734024416812455e-01,-3.020349852997007978e-01,-9.708227184801995202e-01,-9.878662219523228760e-01,9.309107752096801303e-01,-8.076277701681054966e-01,4.136539721069589642e-02,-8.163310869666934311e-01,4.130747970665667457e-01,-7.248820810961400518e-01,-9.130076877644582867e-01,-9.889818475051387336e-01,9.975584953633337415e-01,-7.953348762057229626e-01,9.904749944645340198e-01,2.195386194565868976e-01,-9.693886151860643674e-02,-9.082761205279347161e-01,-7.472623347693907458e-01,-7.330007134002577418e-01,-6.800972459935743508e-01,-6.979652667240128505e-02,-1.951892334844487209e-01,-1.828605724738696647e-01,-3.897491991711750647e-01,-4.303454203956257884e-01,-2.515448489358342865e-01,-6.268748360621004823e-01,-1.968455143221877202e-01,-6.932563758862340109e-01,-4.093380099789890036e-01,-3.191691485844234122e-01,-2.859945039908045605e-01,-9.269826148492006368e-01,-8.598097306505458892e-01,-9.525952918629476684e-01,-7.623325596394892045e-01,1.678283711150742874e-01,8.570335861382687437e-01,-6.606634111949469812e-01,-3.331678787045925239e-01,9.961709124784563496e-01,-6.367389947604703247e-03,-6.082152605453249317e-01,-3.696977075109577071e-01,9.918343187161220431e-01,7.811577120254808992e-01,-7.057888470139218606e-01,-9.743367911969140760e-01,9.991600024784494938e-01,-9.854864584623405088e-01,-8.531893757536616052e-01,-9.678091771440372471e-01,9.525130496968422511e-01,2.348618257530927511e-01,2.833625145632225339e-01,-1.774950323435030841e-01,-5.759107523203501611e-01,7.260393373505142911e-01,6.503819586343908554e-01,9.999861423712427255e-01,-2.594624209686793304e-01,-5.126151705293592320e-01,7.742942687058207429e-01,-3.456036865119678225e-01,-9.998348305386229873e-01,-8.684065973197575561e-01,-6.248810584300216187e-01,-8.591833207042925968e-01,-5.530631281327930138e-01,-6.449255952710133410e-01,-3.738512082969583927e-01,-1.304838352410262470e-01,-7.403666722209376605e-01,-1.639278270138311566e-01,-1.326489279420507983e-01,-3.768234632696602637e-01,1.013919566835717045e-01,-1.087216399068678396e-01,-3.737606274830890252e-01,-3.712614444712651340e-01,-9.952001348709972328e-01,-5.615846731656708446e-01,-9.702666289579157111e-01,-7.545528090178383884e-01,-4.389198295747713252e-01,-6.575181510881645819e-01,3.899379938015783975e-01,-9.515418316309640634e-01,4.617903540416902763e-01,-9.342543506504564776e-01,-6.447067631328290416e-01,8.071602659305862071e-01,-4.930645836457201447e-01,8.044236613649580203e-01,7.474060366444490455e-01,-8.347476356545620035e-01,-9.298879178064338724e-01,5.429138621298843503e-01,9.819124414295213876e-01,-9.817826517364494077e-01,7.925331690686177044e-01,-9.045202245936144747e-01,3.984528407397042171e-01,9.738261652123796352e-01,-9.595778801920719359e-02,7.955529252626524217e-01,-8.152864462018342140e-01,6.590784479690152686e-01,-9.996716698494767517e-01,9.264786878943378490e-01,5.145631500340029640e-02,6.459470802740359119e-01,-6.006915984055805069e-01,-9.942726128900295501e-01,-4.175134367670853552e-01,-7.713567887455180516e-01,3.528666023947041874e-01,2.887231309408813118e-01,-1.000216964626853833e-01,1.296911541689550196e-01,6.587859898316063278e-02,-9.465787267118822013e-02,1.971780076392378456e-01,-3.335235192575726204e-01,-1.131456002604943195e-01,-9.090162674301814627e-02,-1.038026235372624534e-01,1.936482389408168137e-01,-6.246510067974105906e-01,1.089532709703513458e-01,-5.396539507640161215e-01,-8.498965668826579112e-01,-6.159003784764405243e-01,-7.451676721460428476e-01,-8.327600916959380095e-01,-6.196143234080547790e-01,-4.098348028186787340e-01,-5.698559157008418197e-01,8.351504879343424337e-01,6.015895741587473644e-01,3.683203621130254901e-01,-8.785519040610788588e-01,-8.995959621843566123e-02,8.881084953820499450e-01,-9.993477848609918501e-01,9.928868244937015808e-01,-7.448182991321261603e-01,4.571963648329814833e-01,3.672379476779751295e-01,-3.446010356765817351e-01,6.067470748349093057e-01,-6.326461130890649320e-01,9.578230109816491256e-01,-7.177174638384583583e-01,-9.060972060659681082e-01,5.915757158809771266e-01,-4.102660580677072732e-02,-9.272201084825744122e-01,-1.989630803234763712e-01,-9.321492116989626986e-02,1.580872914101550952e-01,-1.515955918096678623e-01,-3.253750788762800328e-01,-2.892625515451028861e-01,-2.327480854086658446e-01,4.518816887680718875e-01,4.722280586253282397e-01,1.109608284135764344e-01,2.644674496762260407e-01,5.109971452372157330e-01,5.955730604401057171e-01,-3.685632853024543021e-01,4.004763940962536295e-01,-1.160027869955681801e-01,4.668450951025084894e-01,5.524972863065824580e-01,-2.889669617264225554e-01,3.208932563233631852e-01,-2.401877834815230039e-01,2.368501697239235870e-01,-5.324392872732648385e-01,-9.224275246126918404e-01,-9.678973971493897155e-01,-7.702805988976484386e-01,-9.956569588221777511e-01,-9.918748678993193346e-01,-6.931705955840259392e-01,5.682941352942529889e-01,2.946818315653933484e-01,-6.694489892199593228e-01,-7.906138769477920603e-01,9.999726320245561073e-01,5.681811081595274926e-01,5.196238221946247737e-02,-8.096137230275234076e-02,-5.621839073033091383e-01,-9.277999810357564492e-01,-3.968236007605234206e-01,2.013635883785844516e-01,-8.676359388735362943e-01,4.080993299680460984e-01,1.567678838824214660e-01,-9.766207709146281779e-01,-9.616255866510221573e-01,-9.019424279680308132e-01,6.094460118914225566e-01,-9.919859089165248278e-01,-9.675525672716214221e-01,5.934332679262376287e-01,4.350763633134832609e-01,-4.743532801579556507e-02,-6.969510647438500461e-01,5.490681299541438909e-01,-4.637184338471034839e-01,4.843530869779715253e-01,7.996422613413872726e-01,7.473358782244389209e-01,6.359704318380379195e-01,7.771775464625497731e-01,3.772995319465231034e-01,4.971049302833153716e-01,4.262372764207664755e-01,5.256286394486330282e-01,7.374238624523224983e-01,-2.740071570789820998e-01,1.328154140277301165e-01,1.339040220535572812e-01,1.107102170142724024e-01,8.013451275142442765e-02,-8.950814714372811176e-01,5.939765207752224080e-02,-8.687473147659706685e-01,-8.005509818332587901e-01,9.848178183448683676e-01,8.581287935087926477e-02,9.797319178013311758e-01,-9.988837540424315709e-01,9.996532212363495873e-01,-7.808719975679301317e-01,-8.825644497864472138e-01,9.942514841079819199e-01,9.999023319281243882e-01,-6.400786760064871572e-01,-2.612263679394258298e-01,-9.809145951229699678e-01,-5.700014947034721668e-01,-7.272882149701876964e-01,5.517375344671818782e-01,-3.780239618325417772e-01,9.261804174269271384e-01,-8.085510006905022307e-01,-6.890616509514784216e-01,-9.754315898866904311e-01,1.996239673465217135e-01,-7.679529497113131153e-01,-9.788520413349949267e-01,2.105090041898035613e-01,-2.465889092520973380e-01,4.123080805205441846e-01,5.818867568130421386e-01,9.606349213154767863e-01,4.740158343589533918e-01,5.037876925471603817e-01,8.872217227638135029e-01,6.864839147161095889e-01,7.854170686777436350e-01,8.793707542491392415e-01,8.293646515286098309e-01,9.477220537968003011e-01,5.939201957055036951e-01,9.307544996843554186e-01,6.795735397055218119e-01,2.855068350260795418e-01,3.426039025233632573e-01,1.905517644484633621e-01,-8.852690648656628136e-01,-9.729386249100920869e-01,-1.861976352789289080e-01,-9.963871910355616146e-01,7.900447906880438964e-01,8.193507180284437252e-01,-3.967153077562365349e-01,9.660151552932879637e-01,-7.445520434189510650e-02,9.929431279830336354e-01,9.160234609176133302e-01,-8.756992355560182517e-01,-7.713030946160203127e-01,-9.155696128630333996e-01,6.490454809036319377e-03,-4.787390485622606828e-01,6.017588878992511381e-01,9.994890651561975092e-01,5.823976334156178991e-01,-9.979079054951599526e-01,9.385794328681219545e-01,-9.492799039934611827e-01,-3.362490364032492962e-02,-7.674916196398995361e-01,2.562137880023554470e-01,-9.565112870921259614e-01,-9.446637395476774612e-01,-8.901651996438171288e-01,-9.055619938391964441e-01,-8.133413747938182947e-01,9.220251721962930969e-01,3.043549873602849898e-01,9.460970461427701261e-01,9.681500838560780364e-01,9.997529428619196246e-01,9.931214353161402775e-01,8.838545743229434537e-01,9.939373352755287438e-01,9.141634379098683150e-01,9.988953935626253555e-01,9.905026866039965405e-01,9.781611837807695498e-01,3.215462646725676388e-01,9.642460806728938572e-01,9.788755515848307498e-01,8.749801817391755776e-01,6.268953186923860166e-01,5.595210477541961991e-01,7.399785917813969105e-01,6.558194098313683273e-01,-8.779345608362697506e-01,4.037510593339792286e-02,9.682009161147188403e-02,-7.061776064433824551e-01,2.499797510379719034e-01,-3.033163152141609697e-01,-4.196251164202642325e-01,-9.502094235623554930e-01,-9.132742999602021516e-01,-3.681009464580861090e-01,-9.968696174393102405e-01,7.079848479585822973e-01,9.026832891643733481e-01,6.638062839841739615e-01,-6.688683790496551262e-01,9.996760925071984660e-01,3.573673595618397369e-01,-6.321531249419208853e-01,-5.474638052053298898e-01,-9.809321772488109881e-01,-8.567842371224659859e-01,-1.307986274331110477e-01,-5.486377898212707604e-01,9.537279297550458335e-01,-7.331350046049913693e-01,-9.787440963831445240e-01,-9.898878735466308809e-01,-5.056441529733935597e-02,5.557395438461411041e-01,-9.681867183096896090e-01,3.594235280839060409e-01,-8.319873752323992955e-01,-9.286072159636715728e-01,-8.979340492712328814e-01,1.955111985456529089e-01,5.410205962502920851e-01,5.415813781742409017e-01,9.857946597347925222e-01,1.155239771936085597e-01,3.737805933966630301e-01,6.589497579710639208e-01,-7.932497657351783582e-01,9.992931201852932599e-01,-3.845896538198139702e-01,-3.822401006473832297e-01,-5.428998392648973770e-01,-9.848065344557196399e-01,-7.160571461952893735e-01,-6.778287386049620666e-01,-5.341010178448289958e-01,-2.621464747721811150e-01,-5.589329625786560590e-02,-9.239466072486219872e-01,6.327405860031650731e-01,1.947302498037660201e-01,5.006209398759041695e-01,-5.980662650687318393e-01,1.873997310957225826e-01,-5.267041058247811103e-01,3.111111806608901631e-01,1.456626929677853378e-02,8.794067494097300708e-01,5.938751655838313548e-01,-9.867238724063724931e-01,-2.548116808384951471e-01,7.347165930174903714e-01,-7.302799977552140165e-01,-6.238111583243765024e-01,8.275013396441863178e-02,-9.995276928661732674e-01,-6.494233927701725806e-01,9.184686553463038416e-01,-9.346124404475155689e-01,-6.097814197765734079e-01,-9.818579359046093469e-01
1.879189811524092923e-02,3.256450921468687087e-02,-7.709844908449259814e-03,5.738336794990087780e-02,-6.964779824487839222e-02,9.621076526440475174e-02,1.660455836167342575e-02,3.347023016403193052e-02,-1.200872310738431478e-03,4.259679708597319259e-02,4.048656304494190755e-02,-4.459517363525043049e-02,6.288969512196039557e-02,-2.679844378975639041e-02,-4.375403240703504282e-02,-1.813805830007217054e-02,1.880898680905130878e-03,2.079748539703925314e-02,2.239986875422964388e-03,-1.289790185228628129e-02,4.454296840083447201e-02,1.457618829005414380e-03,-7.476608409850776793e-02,-1.127015253212539925e-01,-2.175256112769474726e-02,7.654231539255498817e-02,-1.228177951093625993e-02,6.535563853170159396e-04,9.361402330078014145e-02,6.419152076822762232e-02,-5.774246879057316761e-02,-7.571950535311124109e-02,3.611846632990492467e-02,-8.848074538658661989e-03,-1.418049026898455384e-02,-3.021880248356306753e-02,5.729653386834498985e-02,9.738041747468619003e-02,-2.429643237118660204e-02,-8.219594028331313196e-02,-2.657143313891230374e-02,6.229384445007107168e-02,-5.475564707136706954e-02,-2.316828697657887307e-02,4.330763905814358911e-02,8.879509569790472456e-02,-2.339162537892026245e-02,-4.086148748111092383e-02,1.938540912959561130e-03,-4.471601336412246025e-02,-6.626212814437991427e-02,2.046525692645324770e-03,-3.786617216534701735e-02,7.676659137641542174e-02,6.644558934452975130e-02,-3.218756998808271902e-02,4.001085434936358341e-03,3.706740671410930360e-02,-4.566847568386156464e-02,5.508934857941721192e-02,3.505991713857765923e-02,2.766209192095265418e-02,9.656436659913400847e-03,-9.735138516750313498e-02,3.096711578823613947e-02,-3.142553007025197104e-02,1.078405500893740493e-03,9.609275977171333194e-02,-4.810602732979657459e-02,-5.110627501479250712e-02,2.696899159620949268e-02,3.410030089524895142e-02,-5.380679636441736829e-02,3.251351955819427320e-02,-5.885384695144612460e-02,-1.015251668963828256e-02,5.909728972142097234e-03,5.069377967316252009e-02,-4.437958378726029884e-02,-3.622834618255819927e-02,-7.962782944236473925e-02,-4.301294649441235463e-02,6.782467312631834840e-03,-1.117199328524591667e-01,8.716814347609789723e-03,9.125329230146841941e-02,4.128826205191540345e-03,7.159439424074248715e-02,-7.521141322569474541e-02,-3.035906498763550534e-03,-7.677213561339409076e-02,3.136037626691989127e-02,3.585385246914936375e-02,1.241598820649339290e-03,2.078148428932009850e-02,-3.002481842089135822e-02,-4.379760247092215342e-02,5.787019700909556974e-02,5.527338201916716376e-02,1.008267823910304409e-02,7.276717092301801526e-02,-1.807873986175866088e-02,1.540448604476830820e-03,1.036136802800872482e-02,1.324985238423813383e-02,-1.904895793641131832e-02,2.948170336617111746e-03,3.178208780507404269e-02,1.142017424333249299e-02,3.181726847716041112e-02,-2.907842443097147234e-02,4.336865858622027114e-02,1.579554504162609604e-02,3.506922890127805309e-02,-5.863611434756747440e-03,1.651065463454154131e-03,8.668268565325546599e-03,-3.425059507628776950e-02,-5.258273537723474889e-02,8.004727719612612924e-02,-7.258487835485170903e-02,3.053902603584502523e-02,1.323238915028303875e-01,8.452829760204336185e-02,2.934143685390443179e-02,-1.786108874714302172e-02,-3.514347327724542946e-03,3.520772021209594982e-02,-2.111876835015674345e-02,7.343567130380547481e-02,2.669966676713404763e-02,-9.954734313135815693e-02,-3.330262265493740687e-02,6.639680434141008447e-02,3.258357928841636858e-02,9.816328388068434191e-03,4.070705229338029280e-02,1.109864963221322692e-01,4.850819078551597005e-04,5.326326758838885109e-03,-6.782025960188070579e-02,3.050072338072412625e-02,-1.408022321452123042e-03,-2.980843136383867775e-02,-2.450630130205072935e-02,-6.649207108315149245e-03,-1.224709264886370552e-01,-3.993060455495482663e-02,-3.347450119808396962e-02,3.584695261568550395e-02,3.024453805406833451e-02,-6.442853891610465789e-02,3.008468215459350614e-02,6.764292505117583398e-02,2.213977075971025610e-02,-8.128742182241120717e-02,-2.845065831588552627e-02,1.900746561263357004e-02,-3.205205383116862400e-02,-8.438949935658746071e-02,-3.565523060265667760e-02,4.510396822073316214e-02,-5.824483718188190606e-02,-1.060895756013681239e-02,4.874006502560307430e-02,-3.701761114318556645e-02,1.581602598069942623e-03,-8.783500048390445458e-02,-6.945364988460592769e-03,9.684691637370207440e-03,1.946309487286080817e-02,-2.793325842100750824e-03,1.201367323698099149e-01,6.799292934257900392e-03,-1.651472614663424335e-02,-3.275990409606756998e-02,-1.000492998877681033e-01,4.555887730053684824e-03,4.261906975286187949e-02,2.578379454560726994e-02,-2.197132148358407755e-02,7.647863149485877032e-02,4.908940502202269879e-02,-1.334760877182315092e-02,4.930216991333966070e-02,-7.542042608778631863e-02,3.325026492732489902e-02,-3.944988261362197129e-02,4.662726781273106823e-03,1.051195578892362426e-02,-1.016649308493385861e-01,-5.313781160595139330e-02,6.819342030729012849e-02,-5.164667381274554159e-02,9.617407162613505686e-04,-5.664445385918796122e-02,1.737849140768191539e-02,-3.090806706838461135e-02,4.495930960106072488e-02,3.443450078844745299e-02,-6.801056907853375577e-02,5.287374906515266565e-02,-3.509217323177479808e-02,-1.680337824705289626e-02,-4.773975082516812574e-02,-6.766004742504248826e-02,3.892665327979214634e-02,3.657781436056892210e-02,1.186526236615870894e-02,-7.203258545941258750e-02,3.841684252500734975e-02,-1.336385809038260521e-02,-8.462733652099136902e-03,1.557519945767958354e-03,2.071118046675061997e-02,-1.049483721265270786e-02,-1.017093772898117338e-01,-3.033879111408991497e-02,-3.721736026023680921e-02,5.259792989802869467e-02,2.870949248582982394e-02,-4.336545093162300080e-02,-2.365083373827860103e-02,6.188067477445206854e-03,-1.180654858236699634e-01,-4.990515513009415038e-02,-1.044564707304073692e-01,-7.441565427805171828e-02,4.068701854121761774e-02,-3.612596262571338840e-02,1.163705256507401864e-01,4.489295068530163579e-02,3.190232845522910504e-02,-7.781021987703290628e-03,-4.603423113091956176e-02,2.254793103765726295e-02,1.067594707494638057e-02,5.154156727056646847e-02,-5.514160455808665706e-02,-1.885462272753711532e-02,-1.277739668548730501e-01,-7.565359271185272128e-02,-2.480823942502484447e-02,2.200584490570076796e-02,-7.158831111713476192e-02,2.946238761315487370e-02,-1.474926010930831428e-03,5.949531440527994208e-02,9.324306048551576909e-03,-4.839340517934418578e-02,-1.174567289559508981e-02,-1.125603094490248285e-02,-5.062435947404542169e-02,6.285611333560724157e-02,-1.883695386845250785e-02,9.180546799583122475e-02,-8.536278474248568116e-02,1.337335870316159851e-02,1.774398253115187438e-02,-4.229087966603775617e-02,-3.010083012305989764e-02,-5.651639476535683278e-03,1.284131823245453045e-02,3.679106448691741443e-03,4.864210605640403168e-02,-7.661224753446027602e-02,3.083705473407456418e-03,3.303002585291540255e-02,1.938491818216277890e-02,4.455430309003352574e-02,-7.644477501764748717e-02,6.027394252543625403e-02,-5.702489952526264283e-02,4.460083695866755987e-02,4.284066676930812362e-02,7.499385566543408099e-02,4.657605598801811686e-02,7.742198925754802119e-02,8.858853042205412642e-02,3.366709715605914477e-02,1.660301396051162490e-02,-1.466855449468029531e-02,-8.197681822115668315e-02,4.874899815156850946e-02,-3.382330551042115468e-02,3.107220529049681268e-02,1.739547975223921378e-02,-4.643550928579900927e-02,-2.137438644481837180e-02,7.242048236350833064e-03,1.752198730910695806e-02,1.693798810465864044e-02,-2.499292534517089624e-03,-7.387277469265295105e-02,-2.348912443845785694e-02,-4.601715621657603145e-02,6.599571760045892799e-03,-2.589535295435269752e-02,3.091916412727127236e-02,4.019626656657614844e-02,-2.792104714736900681e-02,-1.199393938338144672e-02,9.786396186209175840e-03,5.956585056271881951e-02,-2.550927477400563581e-02,1.296171075952741751e-03,-2.814694442112264383e-02,3.034581456136863087e-02,8.568439436704478052e-02,-2.572771470660859677e-02,1.548150457196415366e-03,2.577606199170780557e-02,-2.901914635033174539e-02,1.249878352074886428e-01,-3.337350784104738816e-02,9.171523313939261525e-04,6.061046350640484498e-02,1.214790148189870064e-02,-8.332455855662479483e-02,-2.270337499584577229e-02,-8.687600361071595723e-02,-3.454735029741511781e-02,7.127648270862610436e-02,-3.175523204814547501e-02,4.034459653099018578e-02,2.985322234934961998e-03,7.180296218215746762e-02,1.989868932090124373e-03,-5.118952245414535446e-02,9.269820922401272867e-02,-6.405822470441374650e-02,2.550886304016080144e-03,-4.836982170246691831e-03,2.831399176308336402e-02,-7.240739099661289147e-02,4.395578119724784238e-02,7.651621407725354984e-02,-4.471756689514462535e-02,-5.048035793817136352e-02,2.191159029216548440e-02,-1.862502179998946558e-02,-3.572622108655745116e-02,5.326595079323870330e-02,3.481797699962393272e-02,-3.908224479170790966e-02,1.230191128046174837e-01,2.564680510381323053e-02,4.576015403486441424e-02,-1.082763509550891678e-01,-6.136417265304363461e-03,8.865687614362800784e-03,-4.828963451378120997e-02,2.329879830811601438e-02,8.443539064903184121e-02,-8.384865732350833175e-06,5.007736245231424882e-02,3.799923396847920687e-02,4.418814929629823196e-02,-3.460854218563935800e-03,7.554846166156554965e-02,-4.340313719780990870e-02,2.073267899400682915e-02,-5.738752699007659136e-02,-1.463865167607021752e-03,-2.069342700022824139e-02,8.146450891064299649e-02,-5.497318554276806046e-02,9.267373924632291149e-02,3.930612611527409435e-03,-1.080005798721849486e-01,-7.058179644605268310e-02,-6.762520256822759923e-02,5.173462995954917348e-02,-7.047333641669374649e-02,-3.181620174402417789e-02,4.598941073437724097e-02,-1.250187857974017526e-02,5.666209195574751015e-03,2.127467868008772744e-02,5.261955656278856364e-02,-9.583813339436578205e-02,-3.907640675458343843e-02,2.132658938124344650e-02,-2.539378949866630264e-02,-3.218112482730661056e-02,-3.994484522630376011e-02,1.376647702031847387e-01,2.436709995389684663e-02,-1.104053855791278099e-01,-5.593533998503677496e-02,-1.130451144110082747e-02,-8.149652978139834691e-02,1.959389904397558502e-02,-1.130235940881711421e-01,5.969242938025134948e-02,2.317889166361392431e-02,-9.304307744282447334e-02,-2.380905103476640972e-02,5.867137700164692937e-02,4.253632081614347037e-04,1.957278808536274881e-02,1.068445790576400684e-01,1.710650254969467432e-02,-7.710186212581376930e-02,-2.289995889690325716e-03,1.347916181022607851e-01,-1.871588795434846186e-02,-6.112279407577508872e-02,-6.740407133658458949e-02,-6.110494101683117824e-03,-1.338763050045916475e-02,-1.724042150140655746e-02,-1.342727719025944150e-02,-6.649811692607826173e-04,-4.893793152461024809e-02,4.964847444314681585e-02,1.100474727335944147e-01,-2.839966245006377357e-02,-4.490093399017164484e-03,-1.037011603945060638e-02,-6.263421222911137731e-02,-3.261496527381432115e-02,1.232019486289241683e-02,3.897407310014866511e-02,1.153790692292059640e-02,-5.711570378455817915e-03,2.129072588208898512e-02,-5.024974188281231685e-02,-9.534381309105111058e-02,5.584433596370266817e-02,5.175602938964894012e-02,2.416113435064533299e-02,2.866977422079462767e-02,3.684517497659688806e-02,1.352711004542676843e-02,-9.204476221821400461e-02,3.719931408882582412e-04,7.713696990857121794e-02,-2.367658059608194684e-02,1.918223775436694867e-02,1.819400832895571099e-02,-1.068136469214984730e-01,5.982940446515696772e-03,-1.526550515586522563e-02,-4.363105364482994242e-02,1.363797165183589233e-01,-6.258170205379395834e-02,-7.769146716035581213e-02,-9.993838239313875688e-03,3.538816525941270580e-02,5.434062578462394572e-02,1.084347128686684175e-01,2.837001475840730466e-02,9.734561729894852800e-02,5.210253035430933988e-02,6.669232029359196956e-02,8.191404948688929544e-02,1.616835259250440707e-02,-9.533840189952996758e-02,6.266302854399645461e-02,6.886385064418730495e-02,-9.409525937208444712e-03,9.348143454898570626e-02,8.759695077026831422e-02,-3.061698602117730872e-02,1.054672506909015012e-02,-3.602461479922621640e-02,-1.985395688486384091e-02,-3.216624179728729688e-02,-5.488675683697533808e-02,-5.692940789052552963e-02,-3.872991453021786858e-03,1.363056039922287688e-02,-9.586429613458347099e-03,-7.052282139492259405e-02,-5.992780896612484587e-02,7.990736307197654487e-03,6.409697799022599785e-02,1.238987199991508775e-01,-5.187296629290255590e-02,-4.275159130278541157e-03,-4.226791700668759699e-02,3.372075746347652069e-03,-3.898660028091029128e-02,-1.641755871763388164e-02,1.270944261147116394e-01,-9.060348260909695250e-02,-1.357397931417847307e-02,1.467402551581567863e-02,-3.158226715736104501e-02,9.343087960121515198e-03,-2.831481452022976616e-02,7.632319459367840897e-02,3.896299366761905164e-02,-4.824929098673378519e-02,6.316677645272593400e-02,-3.079580700979157870e-02,3.487487029708124381e-02,2.258100079469225335e-02,-1.429713538146665588e-02,6.536131610545216353e-02,-2.867771742630397316e-02,3.577765988043406925e-02,-4.497342708271229866e-02,-1.214235221365925210e-02,4.650925260051677612e-02,1.573512889914133531e-02,-1.131714101388592124e-02,-1.277285067952003972e-02,1.993796755679536070e-02,-1.362978416024746052e-03,2.958123989693709627e-02,1.227968029535326730e-02,-1.985085651950601465e-02,2.686727853422166828e-02,3.033370361524080974e-02,7.818168773076962508e-02,4.785689861085092728e-02,-3.130046039781841927e-02,1.009091982479239091e-02,5.478567877444529000e-02,-5.065274575207502628e-02,-4.076175610522961290e-02,4.628216782659761580e-02,1.847849499327654027e-03,4.164044359681909335e-02,5.099016360544383897e-02,1.692155796014414848e-02,6.258444521022969720e-02,-1.282236499717132917e-02,-5.900726327592284264e-03,-1.214659783027349088e-02,-1.369673112545198926e-02,2.760292218422857879e-02,3.335475448162048689e-02,4.085078415837342658e-02,-1.354956383655128160e-01,7.039362667547714725e-02,-6.025513638188761262e-02,-6.371702498714669483e-02,9.604859068065591671e-03,1.175761109113982461e-01,-2.625018677206917422e-02,1.399922532191229807e-01,-2.792969490523766404e-02,-5.964517719169165622e-02,-8.950086155336730784e-03,-2.823668437671729772e-02,-8.188937272846222304e-02,-3.633148661908475185e-02,3.808631275148303269e-02,7.154992800039243830e-03,3.839909046592933362e-02,1.643227701232701995e-02,8.947490252401807398e-02,9.930430810508136807e-02,6.262385770074267721e-02,-4.282170703527193867e-02,4.255095351314382851e-02,-1.523834259128561443e-02,1.974270370499048299e-02,4.699490435505704333e-02,2.055540698294570923e-02,-2.678955755029438501e-02,-4.375838087022307366e-02,-3.017359531873039721e-02,3.368479894020261906e-02,2.084481136557503334e-02,5.202993047954911771e-02,-1.604845720735474657e-02,3.165814221187523460e-03,3.406941258132850300e-03,-3.847313757326597389e-02,1.214993002891480156e-01,-2.797713071461654585e-02,-1.189376508625447082e-01,-6.283367496220439163e-02,-9.529777687008672560e-02,-9.933327733657534506e-03,-3.136206120029680355e-02,-5.429645092812743212e-02,5.071153072236883608e-02,-2.481783400755579322e-03,-1.378627788807018917e-01,1.775994135615091216e-02,5.676780639602053979e-02,3.177726394445230113e-02,9.387646246598936942e-03,5.562304742326040774e-02,-1.279269596713803999e-03,-3.636413320544316582e-03,6.737731326865561976e-02,-4.797050068623163327e-03,-4.606505333738798724e-02,3.888318909226574221e-02,3.776002240047109104e-02,-1.289603000470977180e-02,-3.073937182278928607e-02,-8.126829821616504343e-03,-2.028747193659382816e-02,1.556010921467204933e-01,6.370934653299344282e-03,1.044620545608990203e-01,-6.170637987325433560e-02,7.249590261604392516e-02,-8.654798549229793247e-02,9.224062906970342812e-02,3.621963750793249365e-02,2.048158039767597124e-02,-2.069691426992181782e-02,-4.781986909932250257e-02,-4.601527408681919951e-02,-1.694151001497824424e-02,-6.305978975637575867e-02,-3.086931035151543531e-02,1.469357707626284260e-02,-2.342425556936025832e-02,-6.192307790008490243e-03,-5.383217196346118394e-02,-6.104281634787285526e-02,1.005879265998328442e-01,2.870070770617947492e-02,8.742095114438614908e-03,-5.383198192332269705e-02,-8.333311140118650207e-02,8.374741422143797132e-02,-2.450736304286032022e-02,2.217157194791397404e-02,-7.465897721141313836e-02,4.762006593656720188e-02,7.646164315909965287e-03,-3.398017453364730878e-03,2.588184864479394984e-02,-1.320069896966598669e-02,4.434551507681028237e-02,6.449003892005835542e-03,-3.709056110535024348e-03,4.830045587075710439e-02,1.114635778346435672e-02,-2.149647173660174538e-03,4.317724940198474498e-02,-5.084499270937951031e-03,-3.388346020195907166e-02,1.155557148360713410e-02,-1.356534101025010954e-04,-1.753792146333440008e-02,6.865604622552103076e-02,-9.024772375542046421e-02,2.183245330879668433e-02,2.359573034732146898e-02,-5.818384463628289288e-02,-9.388175047508910340e-03,3.216846273106770127e-02,-7.561225640578409304e-03,3.035452339337243316e-02,1.017451994838596691e-02,-5.325977179914612863e-02,1.883240832391105610e-02,5.979149834265089225e-02,-2.268389348686611351e-02,1.712674589814167439e-02,-2.805629349654125901e-02,3.404389741646206974e-02,5.871601404907509508e-02,-3.556012343662597053e-02,1.266691457667338053e-02,4.796327257431129421e-02,-1.238238882438039978e-01,-4.893736148091186455e-02,-4.183577381774918058e-02,-1.472415281637925455e-01,-3.572035258274601499e-02,8.570245184773599839e-03,3.126403877417432975e-02,4.604109835678674156e-03,1.856079520234269614e-02,3.774846834859173217e-03,6.165070801234314585e-02,-4.966792891102628921e-02,-1.078486425657864400e-01,-3.030379793651417301e-03,-4.623585774254691805e-02,-2.644591325809100835e-02,-5.073262957077124408e-03,2.379694562052067294e-02,2.141506536419132689e-02,-3.345559285345992701e-02,-1.705183523867982720e-02,3.004392916027060975e-02,1.050881520908602054e-02,1.557173511501005678e-02,2.679163729899550206e-02,1.273356052408748940e-01,-2.120987954999144220e-02,1.087768034357499136e-01,2.264449405891925948e-02,6.827959173646655500e-02,1.259837924810607579e-01,1.075829685627647248e-01,8.245885999892817175e-02,7.602326846880812228e-02,1.286707503509419148e-01,1.098642291863912573e-01,1.729806001619296763e-02,-2.481228494161900888e-02,1.282559309859736818e-01,6.140499165366836154e-02,-1.490152672079511631e-01,5.244038231122693378e-02,6.182948269572952071e-02,2.741157033865862513e-02,-1.435442873680402645e-02,-2.661370826815066815e-02,-1.810618368697247335e-02,-1.372519419173183486e-01,2.553587285024559034e-02,-1.445159139872669307e-01,-1.209595829471973027e-01,-1.665799592897747594e-01,-2.164855033530130590e-01,-9.095239075737622525e-02,-1.012422306987800780e-01,-1.228598701199087734e-01,-6.732916451810647129e-02,-1.634154357658522683e-01,-1.658620381286375345e-01,-4.332911866441401666e-02,-1.277009009484821600e-01,1.492892986254573673e-03,-6.821964298833027573e-02,1.295362555806826160e-02,5.375461527729221561e-02,3.038143712566556548e-02,-2.822905646156100359e-02,3.336526055359063242e-02,-1.004455874140753463e-02,1.814320338031728472e-02,8.186469797056736275e-02,1.936177063918423924e-01,5.549006448715870093e-02,1.576522803568609910e-01,2.206547300207646056e-01,2.031832663243314796e-01,1.019475266120635493e-01,3.129365447837072489e-01,9.494174788144987831e-02,2.005282611112924329e-01,1.849668210952977454e-01,2.262609060256583482e-01,1.098254062377253537e-01,1.468275060033634449e-01,1.188951767572438284e-01,-1.768979759807968316e-02,7.506382579107637176e-02,1.588130242997242147e-01,2.514491278563174559e-01,-6.950694993505875108e-03,-8.486005063676135829e-02,-2.830799506155238024e-02,-1.928209390081617181e-02,-1.835220430092746047e-01,-8.198258969968721943e-02,-1.761181986684699496e-01,-1.116530384816080274e-01,-1.836210460342700135e-01,-1.939956032102821137e-01,-1.966775563922400771e-01,-2.309239051001491794e-01,-1.677668029858998544e-01,-1.170208363589758382e-01,-1.544633897864483574e-01,-9.552334740820173087e-02,-1.978822359498987604e-01,-1.105858722797791877e-01,-2.745804719243263303e-01,-2.167635604462680443e-01,-6.857027177456757883e-02,-4.052058939674957339e-02,-1.425219069397148097e-01,1.065040998918946602e-02,-4.791295054263522424e-02,2.132241258776731291e-02,-1.949192319507377438e-02,-1.304905499031389776e-02,1.206622131152837035e-01,4.753806528935292097e-02,2.949019759780466265e-02,4.714929968131741783e-02,1.088028502443006418e-01,3.944350012456726562e-01,2.194377378887660546e-01,2.230633590451256143e-01,2.472753522165477558e-01,3.406773182111058618e-01,2.265783265880000064e-01,2.372836844883080554e-01,3.590381114075276159e-01,1.189565000792629779e-01,2.796922900556738090e-01,3.041887168662334995e-01,1.382483856180807269e-01,1.258556419761780176e-01,2.533726453218247965e-01,1.697288977776005847e-01,-2.397252525951093505e-02,-2.110477064134412828e-01,7.944138999984654004e-02,4.097125219694366244e-02,-1.295155876596292277e-01,-1.547340273720825832e-01,-1.248081867329865619e-01,-9.082162302253528330e-02,-1.917495779341920614e-01,-7.603342741774485325e-02,-2.123015693155228256e-01,-3.304479514756377134e-01,-2.096256845287579607e-01,-3.478339451837801910e-01,-1.806454853102923974e-01,-2.558442943737721520e-01,-2.531622209160626080e-01,-1.632134512343702548e-01,-1.307524455711198963e-01,-2.658306178902749006e-01,-8.224278266633971990e-02,-9.971022433814655250e-02,-2.721335097983284546e-01,-1.009900350444404432e-01,-7.546439886005175401e-02,-4.730619453564616217e-02,-8.854814091072864268e-02,-8.879721650229910335e-02,2.386929691374419793e-01,2.149838834969970414e-01,2.043966303222324310e-01,1.547018326095029872e-01,3.004375770114323663e-01,2.989151054905513361e-01,3.744532843833208169e-01,3.022237630950730947e-01,3.070570740950246957e-01,2.670114765390525502e-01,2.847732299644192278e-01,3.324092741286549524e-01,2.218816118744120769e-01,2.954952933945637628e-01,4.867467818360068366e-01,5.636107060234866184e-01,2.508776609845199124e-01,1.593519513531366227e-01,2.188954492473961788e-01,1.997319464022834501e-01,9.181791587046624070e-02,1.533708951940053744e-01,1.050051422302232529e-02,1.537631857484000053e-01,-2.050640371452837618e-01,-1.958406133425137641e-01,-7.499174148149229113e-02,-1.611765978475942773e-01,-4.451938836285577739e-01,-2.919298032543551358e-01,-1.653693946883885713e-01,-3.095212758518988139e-01,-1.725738485173697601e-01,-4.086373990046485716e-01,-4.101015541645673945e-01,-1.953426086951307594e-01,-3.897119470532870444e-01,-2.372130503436195026e-01,-4.770353935431967951e-01,-2.097212776687355784e-01,-9.257023205935513421e-02,-1.717853552083156154e-01,-1.359524910153575572e-01,-3.722730077728218789e-02,1.075648918940338705e-01,-4.333449568588945700e-02,1.372031011621191107e-02,-1.972934665763807216e-01,1.172728291814313789e-01,1.758510022532384920e-01,2.243315033339592368e-01,1.498029694239770282e-01,2.568444282032966153e-01,3.882953382305618373e-01,4.088553168669341042e-01,3.969722400781584559e-01,2.465173448807737866e-01,5.550853212389771363e-01,4.484304490481339500e-01,4.797228094360614925e-01,4.733314191225140855e-01,5.137663034042510013e-01,4.681335855215054131e-01,3.194032242070371508e-01,2.473991777551455828e-01,2.279167481046600052e-01,3.553981066959984725e-01,3.339183772632068892e-01,2.889003808022633235e-02,9.752323937909680718e-03,5.431042688851651923e-02,7.452410594379499376e-02,1.530535728074790824e-01,-2.493720650981863796e-01,-1.321134305630229933e-01,-2.683895007845267244e-01,-3.472835313740430530e-01,-3.228406254446518631e-01,-5.385233729397655988e-01,-1.839084642718464002e-01,-3.856682672451133831e-01,-2.079018835682658328e-01,-4.202413975280278602e-01,-3.869018017486471339e-01,-4.642035435916136987e-01,-1.815510551028522157e-01,-1.845665226529662473e-01,-4.929177525922875946e-01,-4.759422859336226441e-01,-1.851657968726034276e-01,-1.717220825622564617e-01,-1.632245826457307536e-01,-1.065230060105092219e-01,4.049826904791989368e-02,-5.956457950282600944e-03,-1.138994168000251467e-01,1.705627386145089908e-01,3.986078550753219263e-01,1.641078857871123842e-01,3.985954899772179982e-01,4.304270575564768109e-01,6.186184772933598364e-01,4.326562670373099717e-01,2.409781017032397166e-01,4.420529545213440215e-01,5.419435741664376804e-01,5.357311386101912820e-01,7.428559314760803112e-01,7.615819309765267109e-01,7.339387629960877346e-01,6.791645297953896598e-01,7.005381076586043587e-01,7.026440908567991306e-01,5.969047204338163715e-01,6.967394812002245530e-01,5.338947362202679514e-01,3.637944660375019290e-01,4.553269034033413654e-01,2.321883900902540487e-01,3.171452484942329231e-01,-4.151421926176591948e-02,-2.181623383703465979e-01,1.171757098383867379e-01,2.512496788627924804e-01,-1.097640387934847167e-02,7.020654526201713930e-02,-2.335893037178343734e-02,-2.438015331322181123e-01,-1.193280917859271123e-01,-1.559694847335270640e-01,-2.214650573024058988e-01,-1.319383701033070011e-01,-5.574926360883032672e-02,-1.385667522877242208e-01,6.685803013121782712e-02,-3.006679857341781337e-01,4.663189538471906696e-03,-7.458660047452990438e-02,2.733684881317921533e-02,1.137308726942067305e-01,3.611397278931632870e-01,7.745099440708866356e-02,3.360041011527798993e-01,3.342982358302920565e-01,6.613790665528701540e-01,6.305794716152510748e-01,8.736509033752365427e-01,8.410569337499164133e-01,8.020567457357484775e-01,9.326254194982469548e-01,9.389083522748615795e-01,9.478622635853870548e-01,9.570572262784011741e-01,9.415041909049868263e-01,9.914933252156035159e-01,9.418022570059438880e-01,9.633055261277827519e-01,8.729154827099411262e-01,9.872423680044857264e-01,9.489030059961549579e-01,9.722914748974519350e-01,8.264119028125631594e-01,9.368588116757096129e-01,9.849058218980181190e-01,7.226722277319093113e-01,6.060633619642464831e-01,4.847998060988291114e-01,6.303986678917039566e-01
9.985867932326167873e-01,9.957522151012011546e-01,9.997622143218940494e-01,9.867708220603031988e-01,9.804714205206639388e-01,9.625183344741576885e-01,9.988967491737535953e-01,9.955122836223985194e-01,9.999942316116817720e-01,9.927245010642432588e-01,9.934290294593154380e-01,9.920240000401446823e-01,9.840962115083530248e-01,9.971246235158505167e-01,9.923228023850539925e-01,9.986834661681186498e-01,9.999858488138573254e-01,9.982688607241358980e-01,9.999799297009213106e-01,9.993344289216659071e-01,9.920427124670405661e-01,9.999915013653218887e-01,9.774737544428977465e-01,9.483367621303175898e-01,9.981061103907675758e-01,9.763823530601097866e-01,9.993965102219208863e-01,9.999982914552317803e-01,9.645371962872311133e-01,9.834273485756782618e-01,9.866039958478187710e-01,9.768912078942956212e-01,9.947727523567176933e-01,9.996868136201053634e-01,9.991954391374622269e-01,9.963428495940858109e-01,9.868110032913298690e-01,9.615900745010773631e-01,9.976368752658526518e-01,9.727323676958989918e-01,9.971731776372846356e-01,9.843976860090791758e-01,9.879593754341841061e-01,9.978513854886358336e-01,9.924790423209601808e-01,9.681309861435205555e-01,9.978097309217028865e-01,9.933064941202099929e-01,9.999849681611971963e-01,9.919806013148096957e-01,9.823346373290750000e-01,9.999832468368025085e-01,9.942536514506762346e-01,9.762426699257670260e-01,9.822361093180943525e-01,9.958501182857861789e-01,9.999359638945591877e-01,9.944939646705992509e-01,9.916343760290707854e-01,9.878115757882709458e-01,9.950751532728374649e-01,9.969361125683221525e-01,9.996269665521682057e-01,9.616132574742455308e-01,9.961592476594716139e-01,9.960445441308736214e-01,9.999953481590893034e-01,9.626113333026466989e-01,9.907146965019928420e-01,9.895162386089720874e-01,9.970878731709218457e-01,9.953414686077984852e-01,9.883746472163048580e-01,9.957655257862711995e-01,9.860809743369692848e-01,9.995876489588085834e-01,9.998602939086392860e-01,9.896853659942433934e-01,9.921011328679506525e-01,9.947408436337741300e-01,9.744236308066529517e-01,9.925812995222174084e-01,9.998159812625034837e-01,9.492473059440917904e-01,9.996960377997082814e-01,9.663224944435013786e-01,9.999318096267710843e-01,9.793570587754488743e-01,9.772026013318850790e-01,9.999631326338677129e-01,9.762392115394461500e-01,9.960609500784981529e-01,9.948491947854980477e-01,9.999938337168000624e-01,9.982715250290756792e-01,9.963897078638883631e-01,9.923074659527778563e-01,9.865444022719590533e-01,9.877296752488812226e-01,9.995933032804734664e-01,9.786704563049382077e-01,9.986920669770757986e-01,9.999905080423556747e-01,9.995705067415624478e-01,9.992976012772122330e-01,9.985478466377641915e-01,9.999652327637551519e-01,9.959541554535424890e-01,9.994782277669691517e-01,9.959451814570881023e-01,9.966139686703768819e-01,9.924577806584597983e-01,9.990016710502381825e-01,9.950725326089437939e-01,9.998624659391985858e-01,9.999890958917088124e-01,9.996994143697151003e-01,9.953002497207955601e-01,9.888994827142364441e-01,9.741511894350192158e-01,9.787779318648897053e-01,9.962648337841725210e-01,9.283370603821392564e-01,9.711481920542391899e-01,9.965523682809313000e-01,9.987233832932996824e-01,9.999505966379058641e-01,9.950334735038979250e-01,9.982149297242181030e-01,9.782739522505190521e-01,9.971458013716117952e-01,9.598392479412801714e-01,9.955571831526149884e-01,9.822623365537278550e-01,9.957472315306212796e-01,9.996145092675429167e-01,9.933571056791373755e-01,9.499221274032726425e-01,9.999990587818753385e-01,9.998865166805683824e-01,9.814889685191926505e-01,9.962742089424656555e-01,9.999920698716070477e-01,9.964416199861231282e-01,9.975958415199432938e-01,9.998231417543953503e-01,9.388100301389061819e-01,9.936086344082597499e-01,9.955111365140222324e-01,9.948511804644354362e-01,9.963366101957504828e-01,9.833040650486106760e-01,9.963752796895170016e-01,9.815862308004826842e-01,9.980380409529238106e-01,9.733370306396634808e-01,9.967587465698602989e-01,9.985541689331332016e-01,9.958850360740096885e-01,9.712437518198806519e-01,9.949062014321772285e-01,9.918404678803308672e-01,9.863688350998092158e-01,9.995497325199914629e-01,9.904675458961086365e-01,9.945087750575156704e-01,9.999899940995146119e-01,9.688233677509822117e-01,9.998070352106611658e-01,9.996247800744698653e-01,9.984839865040594509e-01,9.999687889982580291e-01,9.411633402476929922e-01,9.998150670638589199e-01,9.989086585901000293e-01,9.957010136923626353e-01,9.594279034197065181e-01,9.999169732502908303e-01,9.927168724000352551e-01,9.973384270354048731e-01,9.980678014271647802e-01,9.764219397622312391e-01,9.903299715696022298e-01,9.992871960856603009e-01,9.902456946016344741e-01,9.770747654041590513e-01,9.955711625232961381e-01,9.937619149926117945e-01,9.999130333949500793e-01,9.995579300211255847e-01,9.580891444844410465e-01,9.886630038875812154e-01,9.812834500319931319e-01,9.892925666754699421e-01,9.999963002146159408e-01,9.871107665157713429e-01,9.987914657251278916e-01,9.961738995478972569e-01,9.918928631670312912e-01,9.952495645611609820e-01,9.813842997829942405e-01,9.887758165509251684e-01,9.950660722621949006e-01,9.988701607580953157e-01,9.908559798958946896e-01,9.815768511045035449e-01,9.939266219700274574e-01,9.946387104276435132e-01,9.994367564918472668e-01,9.791018605148371634e-01,9.940849727867481223e-01,9.992854590873399001e-01,9.997135012017617228e-01,9.999902964950884154e-01,9.982832067910439866e-01,9.995593688698306556e-01,9.580519958111831658e-01,9.963137136713726694e-01,9.944492437897091142e-01,9.888930429432656322e-01,9.966994377043632003e-01,9.924588990874781969e-01,9.977608837816599463e-01,9.998468234634396712e-01,9.432108955257436644e-01,9.900048439706470305e-01,9.557227220090936948e-01,9.776859599007857726e-01,9.933636569814768835e-01,9.947705785608362827e-01,9.448581229518066005e-01,9.919168414192862659e-01,9.959234428483231261e-01,9.997578032376893686e-01,9.914994614767053127e-01,9.979649848530832701e-01,9.995440273356908101e-01,9.893362573161607054e-01,9.877883484847600482e-01,9.985773388557271923e-01,9.332821328814020490e-01,9.769317255232614627e-01,9.975361852175608224e-01,9.980617206295342436e-01,9.793605902733414359e-01,9.965238532516041969e-01,9.999912983478096429e-01,9.857744745224809035e-01,9.996521889529604854e-01,9.906030813356724307e-01,9.994480551663116330e-01,9.994931214593451019e-01,9.897136924216914933e-01,9.841132803249650340e-01,9.985800052469465671e-01,9.659091769503888036e-01,9.705702303099505990e-01,9.992844425233512462e-01,9.987400756879415420e-01,9.928288741762311131e-01,9.963713828102148673e-01,9.998722304437325237e-01,9.993402571675178425e-01,9.999458557257948632e-01,9.905059447216184587e-01,9.763388432520915261e-01,9.999619625599441841e-01,9.956297234952494746e-01,9.984961467609343444e-01,9.920386515472242595e-01,9.764429715443894153e-01,9.853978899085621412e-01,9.869362985325929039e-01,9.920219687486534488e-01,9.926407533679413309e-01,9.773352754124279285e-01,9.912976006204134993e-01,9.758320615430876588e-01,9.682806138900075243e-01,9.954592563331671196e-01,9.988969544678033552e-01,9.991390871350779301e-01,9.728788404434695058e-01,9.904640403182707331e-01,9.954169580780104498e-01,9.961331020443678907e-01,9.987891008115989955e-01,9.913501917976277333e-01,9.981714293529575510e-01,9.997901962790929353e-01,9.987714171574274546e-01,9.988519792883524540e-01,9.999750139392103998e-01,9.780126795450720945e-01,9.977914208227237625e-01,9.915057840385441690e-01,9.998257724932205770e-01,9.973153250127227976e-01,9.961711481550963310e-01,9.935231235402147698e-01,9.968784198426862142e-01,9.994244713077672371e-01,9.996168568796091058e-01,9.857405650883382942e-01,9.973948496496916061e-01,9.999932797471136059e-01,9.968276512737243022e-01,9.963120046268690855e-01,9.703459119875078587e-01,9.973500024988348756e-01,9.999904128900101163e-01,9.973400246184740414e-01,9.966277753078616186e-01,9.362178999764247944e-01,9.955382217466650641e-01,9.999966353226305005e-01,9.852335866716234181e-01,9.994095978170589589e-01,9.719715259902207416e-01,9.979368102828576337e-01,9.695071443756425600e-01,9.952183275565045228e-01,9.795412065248870759e-01,9.959609991864979417e-01,9.934751305310525193e-01,9.999643509810079989e-01,9.792357902937172121e-01,9.999841616029151448e-01,9.894819377868351307e-01,9.652354316671225565e-01,9.834964777602420716e-01,9.999739716904360032e-01,9.999064114945364068e-01,9.967898445243991157e-01,9.788823082362146932e-01,9.922516582678149177e-01,9.763985820687228756e-01,9.919800426025477957e-01,9.897723257973080058e-01,9.980782995993213724e-01,9.986117925320345812e-01,9.948858629999335346e-01,9.886080547802585938e-01,9.951429983724725536e-01,9.938778750406106477e-01,9.382502952151388076e-01,9.973666585148185382e-01,9.916006612450354307e-01,9.523747612409571017e-01,9.998493699702843962e-01,9.996855653837205535e-01,9.906434626289299938e-01,9.978270926530099505e-01,9.712121746210767848e-01,9.999999997187760670e-01,9.899355145955741619e-01,9.942131174556593232e-01,9.921693069141735988e-01,9.999520891871896966e-01,9.769962761748419711e-01,9.924457535523897311e-01,9.982796387830640272e-01,9.867688959703476703e-01,9.999914283705934048e-01,9.982861504521652884e-01,9.732197162081741570e-01,9.878631290428022682e-01,9.652539897259695412e-01,9.999381998649644610e-01,9.526207256567329473e-01,9.799406708232353269e-01,9.815959366780643292e-01,9.892559357330324987e-01,9.800026760706515017e-01,9.959454537094696303e-01,9.915160526789622564e-01,9.993746818467328374e-01,9.998715707959054955e-01,9.981884597476100573e-01,9.888838738330549827e-01,9.628115942461908938e-01,9.938797076413553588e-01,9.981796032000842533e-01,9.974184044755591838e-01,9.958517823339892994e-01,9.936040651484562281e-01,9.222919320925885289e-01,9.976230978172523356e-01,9.504534434981755098e-01,9.874327886178426716e-01,9.994887449897422727e-01,9.731984752280489204e-01,9.984635304541962242e-01,9.480361577615016300e-01,9.856796111703884922e-01,9.978494166845753854e-01,9.649733388949142121e-01,9.977308027901187204e-01,9.861675422928326551e-01,9.999992762643900024e-01,9.984668412213341115e-01,9.536445524555537956e-01,9.988290136046560352e-01,9.760330716088057024e-01,9.999790235286323270e-01,9.255763400674514862e-01,9.985982078181447896e-01,9.849816553897444704e-01,9.817168222326722038e-01,9.998506400120121818e-01,9.992829140843699776e-01,9.988106003197108063e-01,9.992786595567326735e-01,9.999982311991352235e-01,9.903897458471778714e-01,9.901077325913476557e-01,9.507792132352737013e-01,9.967703680732685756e-01,9.999193540772789435e-01,9.995697810966728269e-01,9.842258334364193395e-01,9.957390230622301663e-01,9.993927283225936264e-01,9.939117860744209887e-01,9.994674123023863377e-01,9.998695061795785932e-01,9.981857242254486007e-01,9.898658735743866011e-01,9.631987833242242614e-01,9.874738166929621919e-01,9.892470139894040670e-01,9.976631411608114508e-01,9.967085737262574296e-01,9.945599067157453455e-01,9.992678906097789415e-01,9.657292510077601921e-01,9.999994464843104947e-01,9.760110691119142645e-01,9.977560023761630204e-01,9.985274449929041340e-01,9.986753278928564015e-01,9.536717876844211794e-01,9.998568108607949201e-01,9.990675677974957258e-01,9.923660070801747501e-01,9.237702739838227206e-01,9.842524083056040096e-01,9.756621886287452083e-01,9.996004395884018345e-01,9.949823495805547591e-01,9.881419197413356947e-01,9.522332153722505854e-01,9.967771148927280223e-01,9.616178623883258059e-01,9.891020316734774331e-01,9.821031627085627935e-01,9.729207238134610636e-01,9.989539730533030237e-01,9.632030101797456334e-01,9.842112401232506746e-01,9.809113074585122938e-01,9.996458014785443158e-01,9.646387287277983225e-01,9.689938283289626364e-01,9.962457153643246022e-01,9.995550003745823364e-01,9.947999292315972131e-01,9.984224529915680657e-01,9.958556236389591865e-01,9.879014144469502323e-01,9.869802015439015364e-01,9.999399985488141018e-01,9.992566472020604218e-01,9.996323564272776574e-01,9.799743982613310367e-01,9.855659138481539516e-01,9.997445707891214894e-01,9.834763949053648702e-01,9.373465346664394682e-01,9.891981951470604217e-01,9.999268902760612976e-01,9.928366779504226303e-01,9.999545157310603116e-01,9.939078637458347298e-01,9.989214676255189218e-01,9.340046170875763165e-01,9.668055627786411588e-01,9.992628072891827085e-01,9.991384446310278555e-01,9.960049369886442294e-01,9.996507861897911962e-01,9.967896577590789065e-01,9.765184186945816691e-01,9.939152540462523611e-01,9.906591382101038734e-01,9.839550225082378532e-01,9.962016773711995787e-01,9.951270868182864326e-01,9.979590071382878902e-01,9.991821448508649839e-01,9.828143766018246907e-01,9.967067476410379490e-01,9.948711005855062073e-01,9.918877573125139957e-01,9.994101372016601648e-01,9.913226178288137014e-01,9.990092959468590550e-01,9.994876017926577205e-01,9.993472751934763254e-01,9.984090670932941336e-01,9.999925691409441431e-01,9.964957181575472278e-01,9.993967165440571510e-01,9.984229459066986667e-01,9.971098188884851554e-01,9.963149513852582739e-01,9.753516030284320459e-01,9.908109115007674994e-01,9.960760068862689609e-01,9.995926380502938580e-01,9.879461114563361512e-01,9.897021143538490273e-01,9.933392002376347785e-01,9.914073872805181376e-01,9.999863417467292903e-01,9.930482668424118753e-01,9.895639860010817523e-01,9.988542062578974479e-01,9.842510205849901439e-01,9.993422036610649650e-01,9.998607192495121421e-01,9.994097245531587959e-01,9.992494105343948663e-01,9.969492192583282453e-01,9.955432421147688560e-01,9.933100080527523801e-01,9.247785400445297510e-01,9.800481827657869793e-01,9.854070443263776014e-01,9.836727599217079954e-01,9.996309413399844246e-01,9.436891049532414311e-01,9.972411788730932702e-01,9.195757284154248978e-01,9.968764838916609472e-01,9.857023808389534514e-01,9.996795496098066502e-01,9.968073689344916222e-01,9.729371806546293078e-01,9.947108032077446316e-01,9.941865134906548995e-01,9.997952103346224861e-01,9.940904487945988466e-01,9.989195322601022164e-01,9.676359991140407457e-01,9.600376295547037309e-01,9.842310755592105220e-01,9.926472816679761113e-01,9.927401903838305453e-01,9.990708841041487931e-01,9.984400924250153020e-01,9.911399182190402390e-01,9.983089489383982773e-01,9.971265319446419584e-01,9.923212724416441421e-01,9.963537968140585566e-01,9.954544729226890709e-01,9.982609685643896169e-01,9.891324900391327279e-01,9.989694343306217972e-01,9.999599099455459550e-01,9.999535702865062214e-01,9.940675904867486423e-01,9.397955232109073131e-01,9.968658538526815605e-01,9.423533567350838025e-01,9.841246800255671889e-01,9.632347356750499134e-01,9.996052640767589814e-01,9.960605262377169034e-01,9.881612666923608179e-01,9.896781164861329083e-01,9.999753628022800545e-01,9.220627926992664980e-01,9.987378073799734191e-01,9.870543285886475005e-01,9.959553851609351804e-01,9.996474469712922639e-01,9.875732986892792331e-01,9.999934538629118297e-01,9.999471050600599042e-01,9.817314225398260374e-01,9.999079504183719935e-01,9.914880425120157215e-01,9.939402043033038758e-01,9.942858846238364912e-01,9.993346221365584370e-01,9.962156034211255839e-01,9.997357952846657181e-01,9.983527705665348195e-01,9.000581912436103060e-01,9.998376359802615410e-01,9.557179207515100750e-01,9.846920508147148920e-01,9.788302893401097382e-01,9.697392349158908686e-01,9.655816143582723887e-01,9.947433761634286720e-01,9.983210810240099597e-01,9.982855724357452276e-01,9.908251693564325002e-01,9.915064808153130071e-01,9.988515016409555969e-01,9.840096135303846303e-01,9.961835010587738459e-01,9.991361465807605535e-01,9.978036115509590909e-01,9.998466134553399831e-01,9.883636373184417900e-01,9.850211257116706642e-01,9.589840887079250642e-01,9.967014594793858207e-01,9.996942719424763979e-01,9.883637197921426587e-01,9.719657191804232932e-01,9.716836956714602902e-01,9.975956330274147188e-01,9.980323969626844205e-01,9.775387227055198913e-01,9.909019089051628315e-01,9.997661264558649341e-01,9.999538131984971878e-01,9.973181268714890191e-01,9.993028042423568458e-01,9.921132872687398185e-01,9.998336321702441243e-01,9.999449706017047301e-01,9.906392557069284566e-01,9.995029525105940671e-01,9.999815159542299048e-01,9.925243740060974984e-01,9.998965879042384097e-01,9.954006167939918326e-01,9.994657799776648366e-01,9.999999263926073745e-01,9.987691807265036692e-01,9.810270545207381288e-01,9.670685093609326932e-01,9.984825174452032215e-01,9.987443775723284789e-01,9.820653878320185770e-01,9.986804611252492192e-01,9.983350761953587726e-01,9.978670908099497305e-01,9.995236525925005333e-01,9.997445542776666194e-01,9.837303354932170896e-01,9.999752675906899979e-01,9.944534690877938621e-01,9.941319947899008858e-01,9.998996443085341745e-01,9.931430898675173147e-01,9.972844498085816634e-01,9.877654783925902127e-01,9.968466592834939188e-01,9.972754261896048522e-01,9.815046723934902628e-01,9.564130812331221865e-01,9.984172505358415162e-01,9.989916899434587716e-01,9.603621228276572053e-01,9.989936410331125005e-01,9.963533602538271472e-01,9.770583233349336982e-01,9.879399012950339509e-01,9.873888407673055978e-01,9.777879480748675745e-01,9.510038898717809719e-01,9.999725672918678976e-01,9.885974280904694655e-01,9.998988666946597714e-01,9.997999230092358136e-01,9.995695087477186602e-01,9.979091025285016237e-01,9.988455629740279340e-01,9.987665655439061929e-01,9.906477367479977758e-01,9.994456826165654117e-01,9.984196684001866995e-01,9.924283535241334997e-01,9.966690663452335563e-01,9.978427171679149499e-01,9.981769241349587318e-01,9.132603658266105207e-01,9.957871858693242428e-01,9.824269452249581036e-01,9.954165217814014976e-01,9.994674968232405421e-01,9.860982866348214637e-01,9.879322830176096026e-01,9.974477374379281391e-01,9.997870906770570665e-01,9.905777155836094083e-01,9.575399030969108383e-01,9.457507596914621617e-01,9.923531804344930540e-01,9.877052854800856263e-01,8.727693684501680593e-01,9.852172336898692429e-01,9.976842729101449425e-01,9.999399338315421160e-01,9.914527071044797468e-01,9.972158960346846346e-01,9.997154474894047738e-01,9.885528109194313684e-01,9.847300906038146673e-01,9.879544276399518932e-01,9.886054809829869505e-01,9.935549896354161081e-01,9.947192759866838596e-01,9.940471752174112607e-01,9.994460561430628109e-01,9.945641190789489272e-01,9.989489116601133478e-01,9.945944990770415606e-01,9.950100124021517001e-01,9.863635467138062163e-01,9.951021485432194336e-01,9.886773260391412688e-01,9.831448136805007731e-01,9.803314495304755738e-01,9.725446981266531177e-01,9.742844807770637550e-01,9.986816175382969840e-01,9.979087520802620848e-01,9.919753018564332336e-01,9.998333546216380263e-01,9.940345906298349021e-01,9.717359844300336169e-01,9.770223577399316239e-01,9.991585386119671286e-01,9.986891958903970634e-01,9.999938867903869211e-01,9.846647202527677445e-01,9.843383573967240396e-01,9.530241562690481283e-01,9.841842221729872886e-01,9.630924283017938681e-01,9.659199450517391705e-01,9.792741780044705857e-01,9.433690226732576178e-01,9.329707660412631665e-01,9.717763846571644271e-01,9.809082846245954501e-01,9.999554737468522303e-01,9.994503693882417217e-01,9.899675025864996813e-01,9.687249380269143950e-01,9.818890294639628369e-01,9.846603954247680202e-01,9.999947623176257405e-01,9.956232915431875163e-01,9.852834965802527156e-01,9.998929757006215224e-01,9.878838388978403717e-01,9.875829517367222810e-01,9.858566460080826488e-01,9.941274005997009500e-01,9.961905073049998061e-01,9.488917713832774048e-01,9.469152694332403364e-01,9.999997332112129378e-01,9.934448223106979725e-01,9.989669111049617189e-01,9.988133734660071816e-01,9.800927163166562872e-01,9.964551366746929872e-01,9.362553335437493462e-01,9.978641779375690968e-01,9.082605280743043519e-01,9.980386664240955552e-01,9.936472492151503522e-01,9.999144784397014929e-01,9.969607769455172130e-01,9.862331919457981710e-01,9.662486137394977748e-01,8.758734822055015412e-01,9.961676097347167413e-01,8.549097991389894569e-01,9.592091306912020610e-01,9.934185349077556682e-01,9.995434991724965190e-01,9.980372060691320435e-01,9.908740780706712936e-01,9.525514765558408259e-01,9.510852018975778366e-01,9.947362112406189505e-01,8.359511248725187693e-01,9.729759080589763798e-01,9.453511388073254640e-01,9.941428023138187964e-01,9.806583248577229739e-01,9.981794097497537210e-01,9.452969373858964852e-01,9.999458828083234163e-01,9.745894433292523473e-01,9.875514753438618953e-01,9.933753376431267990e-01,9.430934001284957402e-01,9.814386138429462836e-01,9.994469350447752198e-01,9.946426648979014296e-01,9.796597560855545561e-01,9.999956495664201750e-01,9.925755218969499749e-01,9.591428437586039246e-01,9.401357585947653916e-01,9.986966170802180631e-01,9.138767052444156658e-01,9.997055009021812433e-01,9.982222477256209592e-01,9.863134324728772828e-01,9.605602647288243867e-01,9.678301387612118223e-01,9.991292082771638938e-01,9.892919806956931295e-01,9.809315186209561777e-01,9.910222479201818979e-01,9.848028187048404325e-01,9.962836724549691825e-01,9.904531236147086082e-01,9.842568845726480387e-01,9.559701827616193803e-01,9.807793833316769128e-01,9.955006977722234973e-01,9.989072188620129467e-01,9.834162364429429593e-01,9.608122570470913892e-01,9.996729425544698122e-01,9.780192220833836547e-01,9.099544701455390960e-01,9.681421406406575114e-01,9.225925894279416450e-01,8.813164699634682409e-01,9.199008694390220509e-01,8.669212419943187475e-01,9.801649168186179484e-01,9.999982092498113095e-01,9.972279669965163906e-01,9.998247282745355013e-01,9.901031842654800519e-01,9.811033459014043556e-01,9.838977651090805576e-01,9.963011770892893360e-01,9.855686875431196592e-01,9.842044658157689252e-01,9.983255694695236659e-01,9.738458339017782572e-01,9.588617790318477718e-01,9.749501899511205938e-01,9.116239923928989297e-01,9.972746539284683687e-01,9.865029622625480776e-01,9.474312034508245439e-01,9.621223546676801464e-01,9.988139451993173212e-01,9.796948745741669295e-01,9.294085858255459742e-01,9.280641247313431430e-01,9.957070554357727588e-01,9.655288618581984172e-01,9.797308239778717009e-01,9.836320408035432727e-01,9.985935016446788604e-01,9.986597443043431221e-01,9.933341423154999905e-01,9.824366939132691545e-01,9.945296606706721665e-01,9.971551656267103603e-01,9.521177358990325912e-01,9.910806259273750030e-01,9.893666984110206508e-01,9.831479655981428811e-01,9.445546659821226765e-01,9.752805197823317673e-01,8.709192563876265725e-01,9.140547330759135614e-01,9.867305734544282725e-01,9.489281851487111341e-01,9.172740009940696382e-01,9.251720767060229722e-01,9.010047619298385824e-01,9.999422736235380471e-01,9.228457849185223161e-01,9.475116280161400839e-01,9.345912218416917439e-01,9.399393692092560260e-01,9.250677850671036317e-01,9.538676931552761973e-01,9.736817374442990891e-01,9.892601341609671417e-01,9.795061840378436191e-01,9.934021100371904778e-01,9.953616238328429899e-01,9.469085393480204393e-01,9.361616931706197020e-01,9.980316099941509700e-01,9.282264378960699558e-01,9.391251651005498857e-01,8.362657216767414026e-01,9.468840119518514564e-01,9.292845265108596875e-01,9.078887872960407224e-01,9.266023289241630545e-01,8.958793669609647070e-01,9.228737970815591440e-01,9.673092129022019536e-01,9.991501737911557823e-01,8.710045547216529460e-01,9.745741373410459207e-01,9.989034645269891932e-01,9.928330651557841779e-01,9.951395940303694454e-01,9.715025935862774409e-01,9.624538678193338415e-01,9.999636443076140857e-01,9.818603094586177971e-01,9.998511064913224722e-01,9.478485198571857673e-01,9.042346107954500889e-01,9.488456594380183518e-01,9.997485152107742357e-01,8.750748365547206253e-01,9.399331132751822526e-01,9.556284796683347516e-01,9.795992552213005355e-01,9.719221407431244408e-01,9.041154755589901892e-01,6.674682754919051275e-01,8.661881126914080520e-01,7.121622969510444934e-01,6.983963362262489705e-01,8.119208592540824165e-01,7.789515988589541529e-01,7.870932477204189981e-01,8.719211710305663221e-01,8.670529662499679713e-01,8.329106841376242576e-01,9.579428669618008652e-01,9.710897804141637168e-01,9.639801501628773028e-01,9.622156208235110864e-01,9.994791286377397999e-01,9.985967597981848520e-01,9.981055578385565896e-01,9.915511260740149657e-01,9.846563311120228867e-01,9.841141692649355566e-01,9.092999001566037798e-01,9.533656078617925855e-01,9.939476404084368610e-01,9.992199055941081154e-01,9.139087245510267854e-01,9.933043414556159689e-01,9.895206789344986875e-01,9.907456232688188758e-01,9.686550133474743918e-01,8.950141258727177807e-01,9.999936838895913116e-01,9.835209386364267559e-01,9.999785828715742619e-01,9.980128530474701165e-01,9.988710950228030239e-01,9.642977919175486079e-01,9.925400077950833344e-01,8.954011613347704346e-01,9.698675763358886037e-01,7.279363552286947092e-01,7.674831199819858174e-01,8.029485147572299475e-01,5.294320572852517781e-01,5.618304372827425119e-01,4.556091006333543025e-01,5.745305819302592987e-01,4.675156446695387102e-01,4.739519432578767622e-01,4.000540990780908079e-01,3.644370255330965924e-01,6.657711724541707232e-01,5.784579401323608483e-01,4.250994578926222123e-01,5.633449701889140515e-01,5.939739994979826854e-01,6.108511871824060524e-01,5.938744248444570717e-01,7.438724110881635987e-01,5.948928251709342252e-01,8.232108331318686023e-01,8.477540437897517211e-01,7.109751150532239716e-01
8.582558845359499200e-01,8.663252458936895328e-01,7.361442170947287700e-01,6.847135111498491300e-01,9.538845261470493275e-01,7.510894273887490646e-01,8.454539055058623020e-01,9.437178361466584953e-01,9.676261637201636345e-01,8.712047277173341486e-01,9.825162651132050007e-01,9.719073793319615850e-01,9.904149369601376041e-01,9.956029365142364806e-01,9.981801949884773206e-01,9.996723632298465390e-01,9.659706640488316953e-01,9.788902473526630565e-01,9.772083205664051642e-01,9.651316101058552421e-01,9.504278226758828829e-01,8.309680422169405389e-01,5.952959060047661177e-01,6.630068692538798603e-01,6.763745073311749900e-01,9.463512340425324076e-01,7.933018942824718867e-01,8.498157892933271285e-01,8.655648858984464900e-01,9.159861506748177007e-01,6.052569601390626053e-01,2.547565334736092701e-01,9.945184036069911748e-01,8.760057756238974758e-01,9.420991448282302061e-01,8.499174397047017937e-01,9.834644502843856717e-01,9.633084697918875561e-01,9.233047835419860849e-01,8.926419409455497167e-01,9.936764794467658479e-01,8.934765889935638583e-01,9.998247940238160769e-01,9.921410707221912650e-01,7.147262318710425610e-01,7.278187258019204187e-01,9.265975973770584906e-01,9.947570002475728534e-01,8.981593932587503826e-01,8.950775711620516661e-01,9.927873327652291247e-01,7.923276005071775430e-01,9.229828135988293880e-01,7.442547399402972275e-01,7.237344945188323164e-01,9.977569965064881918e-01,9.779356654686283123e-01,8.965187248131115672e-01,9.990440602296563055e-01,9.508634749036893874e-01,9.765326388415850323e-01,9.974602376515375735e-01,9.878287609546836379e-01,9.716937568503617451e-01,9.997703146536862651e-01,8.275165018112701221e-01,9.350501428311742691e-01,9.836914118299119325e-01,7.915499159405587903e-01,7.665166286548560359e-01,9.173378014535291669e-01,9.684517562543042413e-01,6.071042823914656328e-01,8.434034084822974453e-01,7.221589684351075178e-01,8.466970478271461653e-01,8.839839522221587531e-01,8.388616976567456751e-01,7.552252273601286481e-01,6.658789355864085380e-01,7.626394570515893090e-01,8.109594315609178761e-01,9.641619232345893797e-01,6.987307748427386001e-01,9.990253978754690678e-01,9.992960524245959597e-01,9.840073394254831296e-01,9.854035480207460340e-01,9.978417504571753804e-01,9.673604039412951883e-01,9.972681250182369173e-01,9.254540936751183278e-01,8.928738927224918465e-01,9.251792071966381537e-01,8.616304791896417514e-01,9.204293720449315819e-01,9.052555352979442249e-01,6.885100129834782479e-01,7.911815191855195994e-01,8.590916213052253170e-01,7.715838261281551258e-01,9.645735742670148438e-01,8.785789587245661503e-01,9.164796638154577568e-01,9.731759280302542114e-01,9.749986423936070068e-01,9.572886908473894341e-01,9.579364280285276312e-01,9.938070980056240566e-01,9.963601266227007924e-01,9.856006678540398802e-01,9.859815643388873951e-01,9.986863642901250282e-01,9.893641093634486516e-01,9.684712303517715171e-01,9.425407698273454704e-01,6.562860945408094393e-01,8.586919837824633639e-01,8.119338095928316790e-01,9.925252773800274930e-01,6.183028729661563805e-01,8.635422685809466259e-01,9.946467977775677038e-01,9.417429609793400713e-01,8.670782495151548863e-01,7.701425427691120928e-01,8.509390246074863828e-01,8.754077840010986433e-01,8.616265936891579491e-01,9.804503496689849218e-01,9.615449678564325087e-01,6.511040721871830250e-01,9.351085365780636982e-01,9.840905511451646381e-01,9.904661662872236150e-01,9.993560362787033968e-01,9.394610321122821572e-01,7.632502499627955572e-01,9.520572386642816021e-01,9.524156750488295131e-01,9.890786812577700982e-01,8.618018840359651378e-01,9.280538356664194133e-01,9.233038853609659702e-01,8.530843173214925912e-01,8.453074154947798347e-01,9.982109724292537178e-01,9.824180213755893121e-01,9.535843759489402993e-01,8.666150004121361272e-01,8.767597950517902472e-01,9.884948734895188105e-01,8.808271502136373332e-01,8.899583825018247962e-01,9.727563481322114569e-01,9.699810728143448690e-01,9.920187742403201447e-01,9.940105418609000987e-01,9.998545576240970290e-01,9.265351222072433224e-01,9.643543752718554130e-01,9.840560150723283162e-01,8.509035127018700351e-01,9.704487799309885476e-01,9.747961392416303328e-01,8.472499361761386405e-01,8.937718688988909310e-01,6.150256948314543060e-01,7.800190223135535783e-01,8.569477551558029038e-01,9.025991413021905441e-01,7.193763324263310333e-01,9.930182391662640828e-01,9.102766365403163196e-01,8.668155863637241332e-01,6.706176094669296095e-01,7.562035247928479142e-01,9.549625685567152411e-01,9.840084951781030709e-01,9.582795628209285210e-01,9.767249812727641922e-01,9.274061283548681311e-01,9.969691591659399776e-01,9.997426110366577356e-01,9.358716039104009177e-01,9.839764893302056503e-01,9.032132775064622976e-01,9.973367156260597444e-01,8.934030629558126213e-01,8.857940148083942589e-01,9.967727668545857123e-01,9.471152744128442658e-01,7.559871475065083057e-01,9.105304655741790487e-01,8.842975149704686011e-01,9.876112189022733245e-01,8.089215459545473497e-01,9.743418994460689708e-01,7.383707350288842841e-01,6.608059311369628430e-01,9.809516741224579839e-01,7.745807741228821763e-01,9.942449296456963292e-01,9.666729610359362512e-01,9.773800688064280262e-01,9.418191156767843353e-01,9.869131696063994097e-01,9.477662131587570871e-01,9.934544621176443213e-01,9.024075081914008090e-01,9.984027484016715359e-01,9.725590568249277146e-01,8.836362900645766683e-01,8.540326404370447433e-01,9.561966033887606686e-01,8.087179094546861347e-01,5.770836562118462076e-01,6.506528267324585002e-01,8.069571671089179610e-01,9.446880457591505520e-01,8.406080324093678779e-01,7.239460230823783204e-01,6.456060000060053206e-01,8.590043455907118153e-01,7.042259484331057084e-01,7.604501627435824584e-01,7.174164691387379111e-01,7.621404385438227402e-01,9.969173609899923960e-01,9.907325259412369522e-01,9.900043676900580625e-01,9.899610760806827336e-01,9.817331695270905545e-01,9.716988262302558299e-01,9.962270398980673791e-01,8.552805279802772054e-01,8.475760904561090436e-01,7.197839523977920262e-01,9.942688781986628310e-01,9.264842108042127267e-01,9.977721560356840325e-01,9.884030263356959889e-01,9.676949756730919283e-01,6.652057854996606956e-01,9.957053029564151281e-01,7.639385700599838902e-01,9.431224889011929902e-01,6.900384266829846514e-01,9.981889855680783352e-01,9.993976551824547139e-01,9.985444001539508507e-01,9.879999007078280604e-01,9.928483593276754560e-01,9.628880514710129734e-01,9.864589071841811663e-01,9.254207321761759308e-01,7.150812225384266529e-01,9.585134704276322415e-01,9.955524135510869232e-01,9.688051177000703840e-01,8.592766990762505941e-01,8.160890048159730181e-01,8.296042714086608871e-01,9.549084017493720822e-01,9.022805324667190208e-01,4.997114800271858503e-01,7.507891487948246123e-01,8.302603081821262609e-01,7.290991296266942090e-01,9.319543748459765409e-01,5.266006301391176203e-01,9.601524915965325979e-01,8.272208876767634944e-01,9.678511011054747870e-01,9.904113423258864568e-01,9.994739392970755087e-01,9.994391655388601414e-01,9.407699502964659288e-01,8.952352500957533321e-01,9.966986768129065810e-01,9.517010976987634319e-01,9.899362547621322062e-01,9.992656860961650622e-01,9.212435706095083443e-01,9.715018929622852850e-01,7.052874117741072535e-01,8.768760565099306126e-01,7.882536034850130546e-01,9.237699874456314353e-01,8.488603127953830985e-01,8.864019161028416915e-01,8.480248510945503915e-01,8.308632149120466215e-01,9.980633146215840412e-01,9.666392670097624373e-01,9.720974431652114056e-01,9.607034321174517943e-01,9.890616076249539868e-01,9.304275732193713067e-01,9.452315780663611555e-01,9.940185204869675939e-01,9.991723497699209755e-01,9.985466895541659227e-01,9.951578252166400906e-01,9.024166473801229493e-01,9.476175162897751969e-01,9.525076101139534623e-01,9.782111991561189823e-01,9.863127808058498314e-01,9.207513595550915753e-01,9.464209583904804601e-01,8.544760499075459981e-01,7.788588612416386114e-01,9.999851758166136140e-01,7.870064800344164224e-01,9.012403686112746559e-01,9.213100938482646773e-01,8.129293813504224753e-01,6.266127239018131068e-01,7.675627159079104755e-01,6.376311103039404848e-01,8.341171764843734460e-01,9.921617062129199915e-01,8.492490078367275208e-01,9.999827617002745583e-01,9.775976059472926138e-01,9.922133934797383592e-01,9.835591169220925245e-01,9.880000589870576722e-01,7.388895357731178892e-01,9.999982212089955080e-01,9.858065553250103807e-01,9.516885745804073427e-01,8.877790614913855238e-01,9.992391647349819772e-01,8.302628107998932805e-01,5.307869009835236573e-01,8.907454486608304967e-01,9.627567997530400712e-01,8.737712635448621201e-01,9.752518127901861344e-01,9.743863555145431121e-01,8.491845907446597952e-01,7.909205881819225681e-01,9.944669794054321610e-01,7.136288663543185473e-01,9.213410732564468741e-01,8.914049483119467210e-01,9.298770316948471448e-01,9.979804239309091329e-01,9.995990015844796739e-01,9.963442039676619899e-01,9.884642612921592519e-01,9.925022995747092569e-01,9.301440656969328646e-01,9.957654705873421053e-01,9.449204290457949851e-01,9.416225803915757586e-01,8.332477284112103089e-01,9.476299074278855539e-01,5.817975323278445909e-01,7.516333458919907118e-01,5.760370581154466985e-01,7.052940113087916574e-01,6.720209512632501214e-01,9.652354324355336690e-01,4.642674541606023331e-01,9.343088416446760913e-01,9.662804151677166775e-01,7.837708668088119168e-01,8.551575234910695489e-01,7.707565913592142604e-01,9.999662577069614589e-01,9.848808238134026949e-01,9.948779871112807260e-01,9.914669959865433091e-01,9.406177266258847203e-01,9.771150998152940970e-01,9.635493839025445206e-01,9.213591234300009258e-01,9.919275420084175954e-01,9.484429183368457972e-01,8.474462110602449805e-01,9.675203555677550638e-01,9.526381474284958406e-01,9.803661248702448816e-01,4.313952953561385195e-01,7.695010585514768797e-01,9.993610101989218730e-01,9.746503640129847712e-01,8.827668586188824884e-01,9.980548529293538085e-01,9.851292604883368220e-01,9.631519258106567838e-01,8.269372244241015579e-01,9.670221908023355351e-01,8.860901831773956294e-01,9.944066254467123223e-01,9.942642755601182047e-01,9.998297150454064086e-01,9.840570699297958024e-01,9.993784158883988189e-01,9.657374657256001527e-01,8.768873099616399935e-01,9.192272785984167971e-01,9.910380289509937990e-01,8.353564544676282955e-01,7.873467121888861886e-01,6.724973239675409165e-01,7.802533156702743389e-01,7.078886915156917814e-01,8.721955648358103996e-01,4.954762609788401773e-01,8.294071429142796381e-01,6.106983454039541792e-01,9.334424157163216940e-01,9.999758320783449506e-01,8.738681544153410474e-01,9.348269936006943226e-01,9.492557416989694241e-01,9.241197599974365628e-01,9.643937533463945444e-01,9.999975180144553555e-01,9.861642005103506969e-01,9.567406641181080973e-01,9.957561927755727016e-01,9.025043123687442881e-01,9.997821378084377208e-01,9.990352779550579765e-01,7.138797470877493723e-01,7.675655671124128610e-01,8.598032159443580458e-01,8.412270214638364330e-01,8.235437776523666376e-01,8.345407292344493300e-01,9.967862223748998884e-01,8.949713914381178803e-01,6.470464268712249334e-01,9.870655749092981379e-01,8.129658366228471600e-01,9.879524842832556608e-01,9.950974707539635977e-01,9.686299204263743023e-01,9.267100606254986550e-01,9.926207690485104873e-01,8.172733521418761304e-01,9.265876832303948651e-01,9.945908878462776936e-01,8.710232147184080453e-01,9.644430297480039993e-01,9.984984672649002135e-01,9.786316136925728992e-01,8.883569016953314357e-01,9.999975666107822070e-01,9.742957103847129652e-01,9.515197842713130072e-01,9.605473280753646925e-01,8.357072259876229259e-01,6.658832192680455009e-01,8.082517278538493555e-01,9.382893004064650766e-01,8.007791058902835601e-01,9.483453854398503635e-01,9.146882790548647169e-01,8.867361243610688559e-01,9.492149180570564893e-01,9.225518081643848678e-01,8.925844538305248710e-01,9.400431230910141212e-01,9.398234613219985656e-01,9.588528575108493657e-01,9.998110434372553534e-01,9.470323784140061152e-01,9.402309974654244895e-01,9.996988438818611433e-01,9.982162061429784572e-01,8.777977028932051340e-01,7.882312971452184458e-01,6.134917404109946348e-01,9.464829069702286324e-01,9.760045029755769486e-01,9.156949713623785403e-01,8.830588955320702871e-01,9.632261805217633421e-01,8.337873139808827938e-01,4.716890672998378942e-01,9.988750409135200847e-01,8.878718515354107055e-01,9.802819679138706777e-01,9.752863658510830813e-01,9.372385178450736154e-01,9.133521999855550577e-01,9.816556988059867983e-01,9.705114930658346184e-01,9.759839814655602019e-01,9.884668088710584222e-01,9.435703654216219816e-01,9.736836341854476773e-01,9.976293331930725650e-01,9.647688828629691349e-01,9.821980431577818083e-01,8.118992464350028859e-01,9.351756993480517810e-01,7.020737774616889748e-01,6.875041589714763202e-01,9.522255806281473278e-01,7.208047120694138776e-01,6.932728467848058296e-01,6.156114845053515250e-01,7.065434647429041926e-01,2.989355540888898322e-01,8.845324083509925606e-01,9.674362761335018046e-01,8.940421928863563350e-01,9.891704123806085436e-01,9.928621999417901467e-01,9.647363223635846419e-01,9.716826866431358400e-01,9.946231443027016006e-01,9.982762858683158491e-01,8.500678306719270383e-01,9.992821475874000825e-01,9.986157352748681326e-01,8.795225527355046147e-01,8.918105236397018132e-01,8.059063260315316723e-01,7.896635145763286623e-01,8.713641615094027681e-01,7.894282659471333341e-01,8.701212583812634183e-01,8.611122530408196196e-01,9.628406044670341224e-01,6.622287729765206077e-01,8.119571094838516911e-01,8.771719635455834663e-01,6.408441336629608909e-01,9.563529510494117591e-01,9.062293558906898694e-01,9.748271719270857893e-01,9.996150281016260575e-01,9.917775304686939908e-01,8.071727361320895078e-01,9.826999301962323630e-01,8.049170535969965012e-01,9.350424627755947737e-01,8.877805072150696253e-01,9.866645036013576009e-01,8.913213292229302809e-01,4.633011040433954730e-01,8.183617803971258153e-01,9.595871501376233015e-01,9.226128592570450593e-01,8.165819834907771524e-01,8.017940612987807247e-01,9.983495738483054716e-01,9.579856074884035566e-01,8.919700404425606743e-01,7.917915705047522401e-01,7.589920560237911618e-01,7.953076099199331006e-01,9.628665950502078852e-01,9.711835287045430531e-01,9.060072551008538921e-01,8.757512718280177078e-01,9.223730999547234966e-01,9.659775159660815014e-01,9.943700862698859888e-01,9.864796020653485709e-01,9.141835694098179310e-01,9.851595429445781926e-01,9.733176680981781015e-01,9.342703279643667091e-01,9.764522296339502860e-01,7.126137246962054306e-01,9.238647137353479533e-01,9.999786064519045059e-01,9.803396695049035880e-01,9.984511782531402257e-01,8.991949349025327720e-01,8.903282278735556998e-01,9.946625441009306900e-01,7.894243972237797724e-01,9.369401945071483828e-01,9.359806132879590068e-01,9.721977824242187260e-01,7.253264867612244648e-01,8.817340137176180592e-01,9.705926672803155686e-01,9.695751401078397391e-01,9.910748894394381114e-01,9.997374575637126837e-01,9.666863890487206179e-01,9.799358282225197891e-01,9.570962742296281744e-01,9.999327553214309994e-01,9.930733136371280301e-01,9.037535604799483702e-01,8.312821891331210189e-01,8.642522875454972109e-01,8.478483399863576686e-01,9.978754665770555032e-01,7.942887570313783563e-01,9.422745967710409731e-01,6.122634245533628006e-01,9.373502085254714622e-01,6.243862745551131965e-01,9.834084557772821977e-01,7.426375122572155263e-01,9.731906478757640366e-01,9.539283668545981421e-01,8.709596762939032510e-01,8.421112587758242674e-01,9.990263513927488681e-01,9.277957740850605317e-01,9.817393396466276290e-01,9.999801941830779306e-01,9.948848813553955450e-01,9.708724906242175434e-01,9.958581240010359048e-01,9.952078096209673319e-01,5.566592954672802129e-01,7.614361344679003718e-01,7.728050993846435901e-01,9.442617294785398130e-01,9.738939342790927656e-01,7.041578200109805952e-01,9.703680274819823648e-01,7.703012957559075558e-01,9.989212185160145641e-01,8.328433253586432494e-01,8.571504501023720080e-01,8.541037029767607480e-01,9.647373907765578460e-01,9.867564593355475644e-01,9.496878385770507469e-01,9.617396671342118841e-01,9.965820709014677758e-01,9.973185145940857144e-01,9.990740318955981802e-01,9.991777153788302668e-01,9.994499275746010492e-01,9.605847285112124601e-01,9.017524454322294325e-01,9.507731392756142430e-01,8.889653119398462922e-01,8.855446734120315799e-01,9.985698982191864026e-01,6.508318756841918740e-01,8.301175980189731129e-01,7.805664155513674096e-01,5.911811440944314544e-01,8.523553012500181270e-01,9.080650742890644667e-01,7.938970074034875646e-01,8.447828939220944910e-01,8.868851694995564250e-01,9.086067339791742414e-01,9.152958675453547466e-01,9.745898457776193125e-01,9.433933372001227502e-01,9.968236500866910488e-01,9.657348807592506246e-01,9.949328949338974715e-01,9.583698068820616367e-01,9.952796725385141263e-01,9.273423381236776120e-01,8.123588209600617338e-01,9.974892389160363582e-01,9.361475627642469322e-01,9.439468257776749693e-01,9.719846473773350315e-01,7.506776787321342015e-01,8.913149454816177153e-01,6.543107362770416158e-01,6.830780310693690405e-01,7.645927781881017848e-01,4.782257721250684490e-01,5.402183542259236804e-01,8.664982402109906445e-01,9.313355816791331065e-01,9.601006085376504462e-01,9.060036099393186104e-01,9.614331798761546199e-01,8.847576228654802089e-01,9.647499702589180659e-01,9.575286117710383182e-01,9.997578915071666517e-01,9.723886248015539691e-01,9.972881977897029016e-01,9.846553955452883589e-01,9.986022430987315790e-01,9.989881020429050018e-01,9.866601820154161651e-01,5.800490913219429334e-01,9.956215709019837767e-01,9.408891103752211604e-01,9.650443793392761149e-01,9.917658651464273944e-01,7.474374773349297119e-01,8.904662590456527971e-01,9.898128563985670869e-01,9.756885128248510286e-01,8.842548405467723915e-01,8.854053095761307279e-01,9.197715512425731488e-01,9.612694806313999418e-01,9.752709303689438558e-01,9.163670946093627201e-01,7.846686788785089961e-01,9.227952523856175482e-01,9.342267478499600708e-01,9.889082237764912353e-01,7.792075553759316708e-01,9.108154594556043815e-01,8.999457439219058497e-01,7.072823702759076792e-01,2.693292115284305899e-01,3.836348720186528172e-01,8.056346814968278203e-01,6.719922196826930705e-01,5.761605107331717601e-01,6.955538175884882213e-01,5.042949164126993011e-01,7.348177695550249799e-01,7.975810921443303725e-01,7.874184901904075495e-01,5.692726190438721634e-01,5.100929384450660908e-01,6.703777205393320893e-01,4.765722194842803572e-01,6.023297267207380346e-01,6.027613416363348797e-01,5.736647707959305897e-01,7.589815253921532445e-01,8.100488805928687253e-01,6.662966593529252579e-01,8.785844450635299507e-01,9.808500447769382680e-01,7.526013871909096320e-01,9.988084939285902797e-01,9.760021033868602203e-01,9.986963517127296353e-01,9.740898756286926474e-01,9.959356721594824213e-01,9.240423396966149783e-01,9.882985295910489132e-01,9.947036526640380405e-01,9.637523642464227436e-01,9.372306559662005876e-01,9.956018141338952576e-01,9.642142088989807958e-01,9.679467658470316538e-01,9.669815282581576410e-01,9.775415052522904436e-01,8.969294011811456135e-01,9.242883987205781082e-01,8.969417674721906764e-01,9.362755376393423479e-01,9.184778124421648648e-01,9.088772950537534756e-01,5.594365185726797307e-01,5.314561467940140949e-01,8.019738634874048477e-01,6.570332183042800756e-01,7.737610945889407121e-01,2.590772920614495822e-01,2.328788563147820290e-01,6.625886045503017741e-01,4.240632789123471857e-01,5.623619445140847634e-02,-1.852196621870435406e-02,6.276747706311702757e-01,3.274423739802720945e-01,5.404372641781105546e-01,3.322209780923796041e-01,1.313566409937056978e-01,5.095701009429941530e-01,6.545363529831220439e-02,6.556452982260834172e-01,-1.850488794089349270e-02,5.412116273353846374e-01,5.155927253324759096e-01,6.567046703151883102e-01,5.307780862205148109e-01,8.891748926077113202e-01,9.251739826411163881e-01,9.998040397996700301e-01,7.626910676413500845e-01,9.842928495610314688e-01,5.193977620531832207e-01,8.679100884008690286e-01,7.776544943480023786e-01,6.741104396361518036e-01,9.384582360083119079e-01,9.799422933769271760e-01,9.821062692028290630e-01,9.077009942959201050e-01,9.902950296827733867e-01,9.475225577349422057e-01,9.943265551848445849e-01,7.558031789671468825e-01,8.351163400560053240e-01,7.534111223684969438e-01,9.459286679442772128e-01,5.301268377679547728e-01,2.751017152377877029e-02,3.281358495073873338e-01,3.655340860888952048e-01,-1.086754507746197779e-01,1.153788630008189819e-01,3.842578970956059825e-01,5.887559358467645554e-01,6.204596862456278339e-02,4.406370181402918251e-01,1.737760080582006761e-01,-2.306414375542066575e-01,-2.135775561963207947e-01,1.725789715250136414e-01,-3.125852319762803533e-01,3.612891389939129616e-01,2.277261505091375260e-01,1.102261980103842187e-01,-6.418533157617892226e-02,-1.186273702097456889e-01,3.308341918199763088e-01,1.572405495095221539e-01,5.730070638640446523e-01,1.675256058629902012e-01,1.108240367203450205e-01,5.016014347980961574e-01,1.515197004926304714e-01,5.967715162382786209e-01,8.318879671545322818e-01,1.644145037800175124e-01,3.051735974570827237e-01,3.479763264395795419e-01,7.090147171527615422e-01,8.084567416624475200e-01,4.553436425646287811e-01,7.179630569434239939e-01,9.190494405071549799e-01,7.367985797009128923e-01,8.769672826132769439e-01,9.551330394924256728e-01,8.512489154742565178e-01,9.537685030642494288e-01,7.624621713892203445e-01,5.500728246641708452e-01,4.481333700129797593e-01,3.311830218749768351e-01,5.111894220953567824e-01,5.679682622219948129e-01,-2.883922702508293426e-03,1.446807517311438362e-01,4.679334514903736308e-01,5.047629368656847415e-01,2.536984905100864163e-01,4.899338543862927775e-01,-2.377848325953581254e-01,-1.714409272388343342e-01,-6.139655918414654856e-01,2.314385058501660097e-01,-9.521766860764764584e-02,-3.913815772616579536e-01,-2.727215295452211641e-01,-1.582641487010213316e-02,-2.614718124635452834e-01,-4.366633494471115484e-01,-5.262815796931969992e-01,-3.651168687064292040e-02,-4.090395338941753001e-01,-2.003710852633026618e-01,-1.503910114428507749e-01,1.890272084745581171e-02,2.215189649396688901e-02,2.724674824173160537e-01,-1.537338311867962326e-01,-5.928901972248364766e-02,2.023895109205043064e-01,-3.909578084820906629e-01,2.846067739146670439e-01,3.032239694050867240e-01,3.568931052300745588e-01,5.376128724085212918e-01,4.022314605187873315e-01,7.910143824919081412e-01,6.844303584069409974e-01,3.283489551001275153e-01,4.995054583875870868e-01,7.241375750420055990e-01,6.311309528921172918e-01,7.101740316943684350e-01,4.226883724386935881e-02,6.410859633519003786e-01,5.149777803223483108e-01,5.100793549545976635e-01,4.684933760409732417e-01,5.123399160618969939e-01,4.153482366426248240e-01,2.963394840740442016e-01,1.445974723880438240e-01,2.166752721475940224e-01,8.775490063379692840e-02,-2.166144613329137603e-01,-5.262576059020109831e-01,-5.835796552264473913e-01,-1.914238568844432997e-01,-6.189490828805814804e-01,-5.967275166177697932e-01,-8.367176270553258188e-01,-6.227055119912566772e-01,-6.232087040424769686e-01,-7.091996633747874590e-01,-6.403132048709668789e-01,-7.505105226786756845e-01,-6.764284301471320537e-01,-5.259629622862679321e-01,-1.037577675703057339e-01,-7.862687210344798672e-01,-5.018662698305582648e-01,-1.210839619026762293e-01,-3.426286028523110039e-01,-3.196064746078907115e-01,-5.050564907038109785e-01,-5.536432281730340188e-01,-2.024437379605215082e-01,-4.665600232546394110e-01,-1.940685555577682797e-01,2.116265009611226766e-01,3.809747168410395068e-01,1.926513318714957179e-01,-2.972574369246642756e-01,4.491952396524463431e-01,2.687538502735500323e-01,1.345395192004019691e-01,-1.943942574133968731e-02,2.708696145160580104e-02,3.368931529512773082e-01,8.414750733327065468e-01,5.516010256457956062e-01,8.995979899961132897e-01,8.878848633503659826e-01,6.140911935292009405e-01,6.948410239818644252e-01,6.672388768109672741e-01,3.727129700742117246e-01,4.255715972738359776e-01,4.400634605574588742e-01,-1.518937256266036408e-02,-9.473679223956031625e-02,-5.622399582029732890e-02,-6.097043525270013503e-02,-4.339158105546122579e-01,-3.085096330384466956e-01,-5.002223153446199166e-01,-2.834157614727228491e-01,-1.949490550991302140e-01,-2.089793519170758118e-01,1.425485369875729158e-01,3.986892299669714083e-03,-5.548665950821994874e-01,-4.726444536064264290e-01,-8.468225691996074112e-01,-2.928149150168346537e-01,-6.199677913986595401e-01,-6.045786617912615180e-01,-1.652835317799717374e-01,-8.868329204640698071e-01,-4.821544503633673484e-01,-2.512947925187621889e-01,-4.927268911411115115e-01,-4.454265997868246396e-01,-6.134171855736559875e-01,-1.916508170995671889e-01,-4.268044586002268104e-01,2.159963892338836663e-02,-2.947228150882826303e-01,4.549284272404729434e-01,5.231651948428577281e-01,3.691546210245890691e-01,8.975124892247592356e-01,9.870391672964051732e-01,9.041502214964053374e-01,9.799967743862471048e-01,8.979974515643627253e-01,9.747888797126336158e-01,-2.137317431604250639e-01,5.287320099894524672e-01,7.885002030172225673e-01,8.045015753823714366e-01,5.577750972534344376e-01,9.296843017993107194e-01,9.089214692482497915e-01,6.291100661557689211e-01,8.134481949508028942e-01,4.950316931973650636e-01,5.440646608808982210e-01,-1.441377487979540045e-02,-8.544962399440034218e-02,2.395396987214535589e-01
-2.406037744290685787e-01,-2.337163063673643737e-01,-2.538549415496028638e-01,-2.213004403118598584e-01,-2.848379829809734587e-01,-2.018574756521087643e-01,-2.416975300611813315e-01,-2.332633224414278061e-01,-2.506004362275263686e-01,-2.286983804000659037e-01,-2.297539528564048750e-01,-2.723012828750845382e-01,-2.185447843425475101e-01,-2.634000238474292210e-01,-2.718805070131111168e-01,-2.590692777925721613e-01,-2.490595503822887746e-01,-2.396008824665740444e-01,-2.488800060939871939e-01,-2.564490403293684384e-01,-2.277248327089909652e-01,-2.492711904564583469e-01,-2.874004659545418838e-01,-3.064104840804192098e-01,-2.608767094484962246e-01,-2.117101463311552578e-01,-2.561409669486954810e-01,-2.496732217957099431e-01,-2.031587752628683796e-01,-2.178932140536900541e-01,-2.788792589257485521e-01,-2.878778519497884325e-01,-2.319388033241296387e-01,-2.544240661321304220e-01,-2.570903639494807047e-01,-2.651105511420331351e-01,-2.213438930596058341e-01,-2.012712775227119555e-01,-2.621488138287056957e-01,-2.911211245336015607e-01,-2.632864983131002479e-01,-2.188430016690711688e-01,-2.773846658927558440e-01,-2.615846616840343253e-01,-2.283427954313884123e-01,-2.055732578381795905e-01,-2.616963460166463196e-01,-2.704335869168769113e-01,-2.490307292399816796e-01,-2.723617328706983698e-01,-2.831431916934478155e-01,-2.489767367965356470e-01,-2.689353486694756601e-01,-2.115978434495982274e-01,-2.167649766636107478e-01,-2.660951746213092162e-01,-2.479994546136894129e-01,-2.314641742536623081e-01,-2.728382072787423618e-01,-2.224483574640228056e-01,-2.324682455611022935e-01,-2.361680720223285901e-01,-2.451717441517135276e-01,-2.987141718655496603e-01,-2.345152046415740765e-01,-2.657140582761877701e-01,-2.494607971972972460e-01,-2.019166149813569899e-01,-2.740576533419820104e-01,-2.755587007101424901e-01,-2.365146868398431967e-01,-2.329481971572854859e-01,-2.769098908909015111e-01,-2.337418079452041886e-01,-2.794354204397858643e-01,-2.550763019476183779e-01,-2.470451269140375439e-01,-2.246476806063854859e-01,-2.721934345984297066e-01,-2.681161545785649136e-01,-2.898349650482835993e-01,-2.715097896456050708e-01,-2.466087533433688195e-01,-3.059181396539021880e-01,-2.456415652289680174e-01,-2.043416657504835976e-01,-2.479355839646929793e-01,-2.141875043926158573e-01,-2.876234438407720417e-01,-2.515179544152630897e-01,-2.884049327573008359e-01,-2.343185266530764532e-01,-2.320711530984375659e-01,-2.493792005099249587e-01,-2.396088838849611546e-01,-2.650135371065072687e-01,-2.719023024851748294e-01,-2.210568235836095075e-01,-2.223562706611798556e-01,-2.449586181713014899e-01,-2.136003515904756900e-01,-2.590396161418611620e-01,-2.492297755454508656e-01,-2.448192696365312226e-01,-2.433749768842885797e-01,-2.595247669852477346e-01,-2.485259137639973248e-01,-2.341076183322508830e-01,-2.442898508182134720e-01,-2.340900235485348369e-01,-2.645402367771350072e-01,-2.283122713370394075e-01,-2.421020632677343409e-01,-2.324635882483289673e-01,-2.529318141175043722e-01,-2.491744670807381767e-01,-2.456658385786336940e-01,-2.671269718797636417e-01,-2.762974272107896478e-01,-2.099549765218821362e-01,-2.863083816651358360e-01,-2.347293001348745856e-01,-1.837413457441598452e-01,-2.077106683104066598e-01,-2.353282289562853846e-01,-2.589307817985451177e-01,-2.517571754723823552e-01,-2.323943212138757097e-01,-2.605597766517860903e-01,-2.132656544559179690e-01,-2.366493734994632447e-01,-2.998148157416395954e-01,-2.666528504466003091e-01,-2.167893960885257654e-01,-2.337067688007207211e-01,-2.450917963929035714e-01,-2.296436627960306565e-01,-1.944497177531249732e-01,-2.497574590413164930e-01,-2.473368303244545818e-01,-2.839231334998858491e-01,-2.347484559228151246e-01,-2.507040112770361762e-01,-2.649053193658414962e-01,-2.622537639159800982e-01,-2.533246158031470241e-01,-3.113121181004067650e-01,-2.699679555121664576e-01,-2.667388136738678694e-01,-2.320746041339127319e-01,-2.348765781321255630e-01,-2.822254176367606782e-01,-2.349565242663475551e-01,-2.161656355451306022e-01,-2.389296624213444187e-01,-2.906661056432167101e-01,-2.642262887814390004e-01,-2.404959810546606347e-01,-2.660273990636179420e-01,-2.922198086582641352e-01,-2.678295042220131261e-01,-2.274441918588774592e-01,-2.791306544408484469e-01,-2.553045285322103064e-01,-2.256251418990378177e-01,-2.685109194180625991e-01,-2.492091985361180595e-01,-2.939457572888494741e-01,-2.534726964539299465e-01,-2.451576163326797120e-01,-2.402681453496360309e-01,-2.513966638291926792e-01,-1.898592829917465918e-01,-2.466003404355635864e-01,-2.582575507519073721e-01,-2.663814171344270343e-01,-3.000664200776238522e-01,-2.477220521948599596e-01,-2.286872390107666242e-01,-2.371073884642398988e-01,-2.609861026970041742e-01,-2.117420349250265788e-01,-2.254503673776045714e-01,-2.566739034706806977e-01,-2.253439205384956123e-01,-2.877280986150018705e-01,-2.333733356656512159e-01,-2.697274998543950919e-01,-2.476686323855025462e-01,-2.447439737056749665e-01,-3.008762933972208842e-01,-2.765751592920985269e-01,-2.158900702501863333e-01,-2.758290784899090631e-01,-2.495191296048044349e-01,-2.783298022378560832e-01,-2.413105356015410874e-01,-2.654552639326745456e-01,-2.275165578493624219e-01,-2.327810481462180281e-01,-2.840183980480820991e-01,-2.235569647611224953e-01,-2.675478874472146940e-01,-2.584018868163169280e-01,-2.738744098999155163e-01,-2.838429354448260833e-01,-2.305342152814698342e-01,-2.317090534304807881e-01,-2.440672992140887343e-01,-2.860318739393035714e-01,-2.307892159870122695e-01,-2.566820284922814999e-01,-2.542313920796838156e-01,-2.492212398696852238e-01,-2.396440395789570799e-01,-2.552474667701171707e-01,-3.008985741651742929e-01,-2.651705592101960551e-01,-2.686108283840598632e-01,-2.236949702733733725e-01,-2.356442677021710896e-01,-2.716861240813454592e-01,-2.618259681239810677e-01,-2.469059563881317587e-01,-3.091014123429034477e-01,-2.749577576056508321e-01,-3.022757764331459596e-01,-2.872250071026064000e-01,-2.296536838208667330e-01,-2.680649460466998368e-01,-1.917489855814425159e-01,-2.275497540548777065e-01,-2.340474827651861101e-01,-2.538905306229936043e-01,-2.730211811545615874e-01,-2.387255568079090506e-01,-2.446619757619448166e-01,-2.242235097703027813e-01,-2.775777903777148503e-01,-2.594275906552810929e-01,-3.139740448026520636e-01,-2.878448483868691898e-01,-2.624047559266589613e-01,-2.389966335052691460e-01,-2.858094501450030300e-01,-2.352677405049335979e-01,-2.507374631391556252e-01,-2.202435648938061985e-01,-2.453378131970893883e-01,-2.742014259276783217e-01,-2.558729039671791550e-01,-2.556280748948385750e-01,-2.753175870150330606e-01,-2.185615918402719626e-01,-2.594187554412750174e-01,-2.040649988529137648e-01,-2.927073288528275752e-01,-2.433132209890793429e-01,-2.411277759490254025e-01,-2.711485919809870637e-01,-2.650515515460590832e-01,-2.528258272599243073e-01,-2.435792526520526025e-01,-2.481604447006622305e-01,-2.256741504255295738e-01,-2.883248710509019874e-01,-2.484581460414745369e-01,-2.334834854437276286e-01,-2.403072373821521501e-01,-2.277191625516351015e-01,-2.882410120699585576e-01,-2.198539015835930810e-01,-2.785201787677269447e-01,-2.276958840547089191e-01,-2.285763899119030718e-01,-2.124854884728905047e-01,-2.267077611429905437e-01,-2.112696571012479263e-01,-2.056767438542267956e-01,-2.331648612100521156e-01,-2.416983023149858190e-01,-2.573344087577280614e-01,-2.910113787346350067e-01,-2.256206726818328623e-01,-2.669132652064499234e-01,-2.344626472485103752e-01,-2.413020407872675521e-01,-2.732219274955833832e-01,-2.606876001241720253e-01,-2.463789600556746673e-01,-2.412387821885131345e-01,-2.415308034655462566e-01,-2.512496469177480929e-01,-2.869531939152925037e-01,-2.617451022434096330e-01,-2.730126391744314707e-01,-2.467002021432564973e-01,-2.629484000518980680e-01,-2.345391862120556337e-01,-2.298991601665051621e-01,-2.639614305954786633e-01,-2.559970415836889113e-01,-2.451067628532752340e-01,-2.202082655500680053e-01,-2.627553290767771776e-01,-2.493519143712884245e-01,-2.640744014271050877e-01,-2.348259282577687679e-01,-2.071315719326883575e-01,-2.628645669656122230e-01,-2.492259246167950748e-01,-2.371112553836472736e-01,-2.645105914833413840e-01,-1.874245986490273852e-01,-2.666883028894436181e-01,-2.495414238021580466e-01,-2.196854873242670148e-01,-2.439259745627745946e-01,-2.916864010642928884e-01,-2.613521751189353814e-01,-2.934653429171245054e-01,-2.672753933926683145e-01,-2.143466631202953776e-01,-2.658789504007006421e-01,-2.298249651076552935e-01,-2.485073377739633604e-01,-2.140830862837368731e-01,-2.490050652056614022e-01,-2.756003516647308471e-01,-2.036176771843587752e-01,-2.820400693532306713e-01,-2.487245561563802276e-01,-2.524184958004657697e-01,-2.358420582584131175e-01,-2.862195212814375722e-01,-2.280185700744037369e-01,-2.117232161160131076e-01,-2.723625100246422903e-01,-2.752455402272370732e-01,-2.390437664935254614e-01,-2.593127801118575437e-01,-2.678650107700749627e-01,-2.233607257565525805e-01,-2.325892525561881752e-01,-2.695436100706172233e-01,-1.884127537467470970e-01,-2.371758945099016469e-01,-2.271159295887433538e-01,-3.041911295120585113e-01,-2.530682182606291408e-01,-2.455671271573094394e-01,-2.741495102703334630e-01,-2.383500738431702515e-01,-2.077572047723458271e-01,-2.500041924328662013e-01,-2.249560849147971275e-01,-2.309980964905314627e-01,-2.279023295893018997e-01,-2.517304288364682896e-01,-2.122077923196590277e-01,-2.717049760838436967e-01,-2.396332891613172089e-01,-2.787016409211795498e-01,-2.507319327145084986e-01,-2.603470827366041740e-01,-2.092452040657812040e-01,-2.774935170213277402e-01,-2.036299384876207874e-01,-2.480346911639471075e-01,-3.040528400775450724e-01,-2.853055565124791304e-01,-2.838254930720226499e-01,-2.241269140470832089e-01,-2.852512590049510188e-01,-2.659094429498919387e-01,-2.270012409089855188e-01,-2.562510207080475055e-01,-2.471668878222342547e-01,-2.393622594262180825e-01,-2.236841494555801280e-01,-2.979557782608344141e-01,-2.695406899372945753e-01,-2.393363011313200950e-01,-2.626975770869432458e-01,-2.660919512062638881e-01,-2.699750786878686859e-01,-1.810587015632367791e-01,-2.378158471497104909e-01,-3.052588349656535915e-01,-2.779749642906019780e-01,-2.556523159140649537e-01,-2.907708329726489960e-01,-2.402027370281882568e-01,-3.065720323671733416e-01,-2.201449198494259407e-01,-2.384100352605245943e-01,-2.965551292697733987e-01,-2.619050879100325857e-01,-2.206558933401347178e-01,-2.497873183927125096e-01,-2.402132935195854246e-01,-1.965268310331615975e-01,-2.414465401391570343e-01,-2.885700402236179296e-01,-2.511449984452172601e-01,-1.825019635728021283e-01,-2.593582171486072396e-01,-2.805709153652576338e-01,-2.837148013645348077e-01,-2.530552565573134238e-01,-2.566939152289776094e-01,-2.586204242740193227e-01,-2.567137394647653337e-01,-2.503324905968826730e-01,-2.744738503690853371e-01,-2.251706622690613779e-01,-1.949206661343445557e-01,-2.642007856973159763e-01,-2.522450504713702468e-01,-2.551851044866870200e-01,-2.813273483328256330e-01,-2.663089283620022618e-01,-2.438398246487085697e-01,-2.305104963762573955e-01,-2.442309825391793809e-01,-2.528557929527138759e-01,-2.393542349165694305e-01,-2.751301590448151368e-01,-2.977080526321575493e-01,-2.220705732719420455e-01,-2.241162071665022681e-01,-2.379188451106284963e-01,-2.356641309217384628e-01,-2.315753280707794903e-01,-2.432363418409326239e-01,-2.960549013761359372e-01,-2.498140034274110299e-01,-2.114123797590874709e-01,-2.618388433552379935e-01,-2.404085870177219975e-01,-2.409027448848852782e-01,-3.034576586882310467e-01,-2.470085208532601384e-01,-2.576329008066735593e-01,-2.718189882762532261e-01,-1.817042537662155177e-01,-2.813010674999616434e-01,-2.888652846689083176e-01,-2.549969607097644086e-01,-2.323040705812490503e-01,-2.228229991898832141e-01,-1.957294566612138575e-01,-2.358140411348031706e-01,-2.012887189121009834e-01,-2.239428398322401703e-01,-2.166414744166826889e-01,-2.090200583784543875e-01,-2.419156475883102175e-01,-2.977053408786533018e-01,-2.186582293630156271e-01,-2.155544612131638504e-01,-2.547047976818988535e-01,-2.032252148890596744e-01,-2.061734968090815079e-01,-2.653096889709307682e-01,-2.447265885837365818e-01,-2.680142556427758116e-01,-2.599273045396552906e-01,-2.660845077651585178e-01,-2.774502700543393097e-01,-2.784723941789148949e-01,-2.519364981471443055e-01,-2.431846142796160737e-01,-2.547932515149565758e-01,-2.852760322619631306e-01,-2.799728752578941604e-01,-2.460046105869558575e-01,-2.179405341004151953e-01,-1.879712699926942565e-01,-2.759423005458872535e-01,-2.521375828208544667e-01,-2.711371055189272794e-01,-2.483139605291777574e-01,-2.694957695940553011e-01,-2.582089637440764807e-01,-1.863671087359353717e-01,-2.953327568979212114e-01,-2.567870938692281002e-01,-2.426628555844965174e-01,-2.657924462681086064e-01,-2.453284220367712987e-01,-2.641583532026222092e-01,-2.118198668986633892e-01,-2.305160381961339211e-01,-2.741293267524899657e-01,-2.184061059955687556e-01,-2.653991205445139778e-01,-2.325607972702085913e-01,-2.387090198245080397e-01,-2.571486894619722241e-01,-2.173077023836285093e-01,-2.643398414974748589e-01,-2.321092616125927932e-01,-2.724905044608142979e-01,-2.560712507007856797e-01,-2.267411809321202010e-01,-2.421322732160794688e-01,-2.556586309024320713e-01,-2.563865121676703329e-01,-2.400306859671526571e-01,-2.506814893135131950e-01,-2.352083014131163829e-01,-2.438600826986715153e-01,-2.599257542042275881e-01,-2.365655525844432561e-01,-2.348319851245637413e-01,-2.108892324608065416e-01,-2.260669827388347985e-01,-2.656515080595271416e-01,-2.449544972736390214e-01,-2.226003069888384533e-01,-2.753317892566734537e-01,-2.703837004592317128e-01,-2.268547844428843996e-01,-2.490760749874373070e-01,-2.291767692852648697e-01,-2.244993928331217303e-01,-2.415390191264769337e-01,-2.186975595779484527e-01,-2.564112703401991711e-01,-2.529503717244451222e-01,-2.560733735873670369e-01,-2.568484726277692753e-01,-2.361976625388333695e-01,-2.333210764002025817e-01,-2.295717669783934878e-01,-3.178516587283449768e-01,-2.147886453353206881e-01,-2.801366868019084522e-01,-2.818692952943747110e-01,-2.451975335456217930e-01,-1.911441262549491704e-01,-2.631258471161687651e-01,-1.798893345591645043e-01,-2.639657553174912241e-01,-2.798314330144218709e-01,-2.544750729503276188e-01,-2.641192803215133278e-01,-2.909675825280541028e-01,-2.681677417701601729e-01,-2.309545413420976412e-01,-2.464224883377296171e-01,-2.307980952907736083e-01,-2.417836766122207215e-01,-2.052326783895787043e-01,-2.003070025823237288e-01,-2.186778340114995389e-01,-2.714141258720200178e-01,-2.287213125762543320e-01,-2.576193187345294788e-01,-2.401283275016944940e-01,-2.264982223157207819e-01,-2.397219346112225424e-01,-2.633955799301533340e-01,-2.718826822857363101e-01,-2.650879424062871359e-01,-2.331560078081243159e-01,-2.395772169175242050e-01,-2.239791643820494282e-01,-2.580244008301113556e-01,-2.484170915673635793e-01,-2.482965277232143941e-01,-2.692389419403131146e-01,-1.891755067700537640e-01,-2.639894778560381572e-01,-3.095390293950107119e-01,-2.814271778882402875e-01,-2.976849821564450105e-01,-2.549667047060392155e-01,-2.656823160207929524e-01,-2.771548970815933544e-01,-2.246387993751281231e-01,-2.512408923372915770e-01,-3.190407740127981784e-01,-2.411197959078504593e-01,-2.216084718857998237e-01,-2.341100308716451972e-01,-2.453061424049980399e-01,-2.221813035088143762e-01,-2.506396348855887690e-01,-2.518182086638630635e-01,-2.162985928711738115e-01,-2.523985296338315809e-01,-2.730366004307635541e-01,-2.305559556006944733e-01,-2.311177451895159163e-01,-2.564481043666606563e-01,-2.653708962719493747e-01,-2.540634372750986691e-01,-2.601440838971373348e-01,-1.720420993107308893e-01,-2.468145218987796985e-01,-1.977214240215742214e-01,-2.808629835817048059e-01,-2.137361647806373943e-01,-2.933010251759909925e-01,-2.038469570330775638e-01,-2.318882011874763283e-01,-2.397588517893375071e-01,-2.603488265581596628e-01,-2.739144919085534369e-01,-2.730116976112028637e-01,-2.584709576159483491e-01,-2.815403473510256216e-01,-2.654358809512275541e-01,-2.426530792773051171e-01,-2.617126633469601393e-01,-2.530961637884602822e-01,-2.769225878825306020e-01,-2.805308891773898861e-01,-1.996635878460035207e-01,-2.356486609969339341e-01,-2.456289246047403951e-01,-2.769224927935886038e-01,-2.916906849187160811e-01,-2.081018018234442879e-01,-2.622542948661010231e-01,-2.389137598757864189e-01,-2.873468377080753422e-01,-2.261854665683528109e-01,-2.461768992159344138e-01,-2.516990103614877849e-01,-2.370583532343644162e-01,-2.566004453337276114e-01,-2.278236081406007363e-01,-2.467754868784579891e-01,-2.518545301813473469e-01,-2.258450758949697157e-01,-2.444267634059721639e-01,-2.510748240007253940e-01,-2.284080207460903733e-01,-2.525422551123643888e-01,-2.669433511714144336e-01,-2.442221499644337268e-01,-2.500678267051552606e-01,-2.587691855007012709e-01,-2.156584863300354815e-01,-2.951545133538270305e-01,-2.399912705501847099e-01,-2.404638938639688250e-01,-2.824136598345500238e-01,-2.580661211320713355e-01,-2.384408808366899613e-01,-2.597463573253735447e-01,-2.422906555923526328e-01,-2.518896251438345613e-01,-2.806292743453221439e-01,-2.487694176599331286e-01,-2.287857356666699316e-01,-2.673356185770011662e-01,-2.460927561888173465e-01,-2.691475267288614415e-01,-2.360541106790784438e-01,-2.219931271416154261e-01,-2.648934246736162623e-01,-2.384957797185488504e-01,-2.183385806761536374e-01,-3.041123180920609625e-01,-2.632638368128187856e-01,-2.609083326860183183e-01,-3.048276051844696077e-01,-2.479407502307579281e-01,-2.373835718422956653e-01,-2.172243645755411456e-01,-2.282685922352716001e-01,-2.262228216392540570e-01,-2.207455302678195952e-01,-2.003563740606416343e-01,-2.566681777335789172e-01,-2.827917498778055871e-01,-2.484135703432428233e-01,-2.580045402029724211e-01,-2.570320526331226207e-01,-2.417656953899643413e-01,-2.407203848786724221e-01,-2.407762094502892691e-01,-2.724368877596854421e-01,-2.564936714894336944e-01,-2.540992858912581864e-01,-2.654338358079425531e-01,-2.592409157891712446e-01,-2.557618007098564905e-01,-2.267959117178243722e-01,-3.086717900615596477e-01,-2.248303221407277064e-01,-2.726596505510321400e-01,-2.548249293674140770e-01,-2.306469669816554879e-01,-2.595210811773041581e-01,-2.610788345353164397e-01,-2.506228609898655812e-01,-2.374024779855049283e-01,-2.552739804346956243e-01,-2.872583011366356409e-01,-2.973861922081969533e-01,-2.182489991928419637e-01,-2.638380558889945049e-01,-3.348990918992785781e-01,-2.206035766242878671e-01,-2.335774515232372228e-01,-2.453287798015620635e-01,-2.693996273308231215e-01,-2.428304238134427195e-01,-2.553296681654778633e-01,-2.860489726278790945e-01,-2.232584919766202047e-01,-2.444725287420397297e-01,-2.425441042970040983e-01,-2.840383674574954997e-01,-2.878396449188166950e-01,-2.451409507096192208e-01,-2.567642683131267090e-01,-2.492493820982509267e-01,-2.513136739400568254e-01,-2.823861628162359638e-01,-2.820875584924859014e-01,-2.321906038646805726e-01,-2.504979169147923956e-01,-2.292730182789122217e-01,-2.323182116146995380e-01,-2.214285851503353664e-01,-2.119667568837768357e-01,-2.155959826213422748e-01,-2.462037727467080162e-01,-2.373568072203394164e-01,-2.338277364008890524e-01,-2.503691526849808890e-01,-2.549440482539554464e-01,-1.953810047847835685e-01,-2.722488507815079561e-01,-2.364359635853380825e-01,-2.297422593073645825e-01,-2.257372626965253315e-01,-2.612280795882898077e-01,-1.885793296047760803e-01,-2.796078634922972705e-01,-2.489372706812113256e-01,-2.633589154401862475e-01,-2.565079563291305931e-01,-2.640135986751309671e-01,-2.769270220385900982e-01,-2.844763473457472269e-01,-2.842027882489682744e-01,-2.672844831291655288e-01,-2.321086280750259412e-01,-2.147581152737493282e-01,-2.700041404022187064e-01,-2.936628362885289056e-01,-2.790814035778634850e-01,-2.759770624461084787e-01,-2.696853875578427706e-01,-2.463134241179945061e-01,-2.929738851618958195e-01,-2.645031242598492316e-01,-2.915940630401698819e-01,-2.491510799990941660e-01,-2.479272662693461637e-01,-2.900197130523519684e-01,-2.563105375925684437e-01,-2.182164573428724275e-01,-2.211511281850671862e-01,-2.608282441155332365e-01,-2.556105862057209133e-01,-2.560762610427744779e-01,-2.726644596391847863e-01,-2.455125216973950975e-01,-2.461491040731921820e-01,-2.050647437758899294e-01,-2.748259703807152121e-01,-1.897928493616480583e-01,-2.468514218446142272e-01,-2.322057563011332704e-01,-2.540200305069541531e-01,-2.408477935133304104e-01,-2.576120608157122516e-01,-2.792912717125640709e-01,-3.133609012360526469e-01,-2.562676180667106118e-01,-3.086916401241437957e-01,-1.646357818415119523e-01,-2.380444906932319415e-01,-2.265768820353979141e-01,-2.114284205470507161e-01,-2.241976462643549273e-01,-2.623232811914911755e-01,-2.614708444364285400e-01,-2.174910819043074373e-01,-3.118931663995004877e-01,-2.451365938809615119e-01,-2.544395371488497037e-01,-2.477289331809720829e-01,-2.610116727251858837e-01,-2.264638338651109584e-01,-2.729651980139427558e-01,-2.541670343577219215e-01,-2.411469965536168769e-01,-2.194219454125376501e-01,-2.296348120485966759e-01,-2.169019817494772240e-01,-2.400846097049453287e-01,-2.592901308239963232e-01,-2.744164977885272250e-01,-2.425769255592879758e-01,-2.581791032219052373e-01,-2.559831665776133858e-01,-2.441978780987529574e-01,-2.235984629963612691e-01,-2.793909201292674171e-01,-2.107010340643001023e-01,-2.808690971237668976e-01,-2.688681905585270648e-01,-2.448017652749449879e-01,-2.250942158095030066e-01,-2.424906485032083947e-01,-2.535137903868637799e-01,-2.408556928369419980e-01,-3.060369454817593593e-01,-2.427169907782268932e-01,-2.343617613277344247e-01,-2.671606676178858164e-01,-2.408062640979731217e-01,-2.842631438416595158e-01,-2.590428799323126752e-01,-1.982262835174814219e-01,-2.126917863401479036e-01,-2.251977422134931184e-01,-2.355941915216023530e-01,-2.483724436801282021e-01,-1.990826734236990359e-01,-2.388598603852628843e-01,-2.658795796986814786e-01,-2.493107155773717498e-01,-2.650742651115624571e-01,-2.703095681662205929e-01,-2.748784091503242433e-01,-2.795106492356709271e-01,-2.103979585084501391e-01,-1.751999893479502246e-01,-2.285569637639868201e-01,-2.332364079650485478e-01,-2.414170001695957746e-01,-2.509835858751666149e-01,-2.150710765038261196e-01,-2.201827669667415222e-01,-2.717399327739158377e-01,-2.548780199172854810e-01,-2.803575146252813566e-01,-3.028264292795250223e-01,-2.185131586697311723e-01,-2.362902713099190588e-01,-2.348455990860534026e-01,-2.912900048196823133e-01,-2.451675057844528438e-01,-2.362834878304902464e-01,-2.300847141004760676e-01,-2.852839325177652374e-01,-2.636664955115604614e-01,-2.177677518541442925e-01,-2.356819794269015833e-01,-2.625722843046135457e-01,-2.610412873009517187e-01,-2.443779683927016777e-01,-2.352522165272533383e-01,-2.614778325166829398e-01,-2.578969995751500544e-01,-2.699832907413976524e-01,-2.121746422772890217e-01,-2.405593682822827484e-01,-2.586222110790806772e-01,-2.275861486797023381e-01,-2.537332376633592568e-01,-2.477892323374444039e-01,-2.462320272738765525e-01,-2.758388449454114433e-01,-2.467695769086512281e-01,-2.640647737355115154e-01,-2.488701834289543668e-01,-2.190820093300342164e-01,-2.608013353365428721e-01,-2.241812437211953002e-01,-2.390893768325895175e-01,-2.413283290003019610e-01,-1.866534141463581098e-01,-2.292281691020213452e-01,-2.280822558152222901e-01,-2.556734609349400333e-01,-2.641667595756578835e-01,-2.722030026291136773e-01,-2.429072347916710339e-01,-2.366535335063473244e-01,-2.663958254340059173e-01,-2.762077234090958289e-01,-2.590646918357631390e-01,-2.282775043336570109e-01,-1.884719500211296528e-01,-2.255955357820901286e-01,-2.559602859364837335e-01,-2.242094370651096791e-01,-2.360165557295232919e-01,-1.999303552762142777e-01,-2.568825496505529604e-01,-2.165698886195137063e-01,-2.274934755826864552e-01,-2.178389250790624954e-01,-2.264998095890373708e-01,-2.330886688350607416e-01,-2.604595104064089117e-01,-2.756102653931615243e-01,-1.971788109432531244e-01,-2.674299959928430059e-01,-3.044781970094336820e-01,-2.534780996030344680e-01,-2.550771209546597307e-01,-2.343516042729260618e-01,-2.235659267464827904e-01,-2.464238753369192292e-01,-2.245951672447828451e-01,-2.651040863921313995e-01,-2.717087089625260243e-01,-2.531007256670698147e-01,-2.721716584365249658e-01,-1.959028788385342446e-01,-2.558562476947795483e-01,-2.052439159591325779e-01,-2.301898742984713753e-01,-2.463023526937579977e-01,-2.211970869096493431e-01,-2.294033752667011539e-01,-2.781835825681656660e-01,-2.018103607965903434e-01,-2.261778779845460552e-01,-2.341189006754110513e-01,-2.253768658811284853e-01,-2.273019275654955818e-01,-2.253488755003418553e-01,-2.278323652457883708e-01,-2.102873493941287975e-01,-2.479142377084150861e-01,-2.397628307402559777e-01,-2.194862413159219539e-01,-2.561108145816538006e-01,-2.447906389136954020e-01,-2.503099902281353817e-01,-2.810118962601186876e-01,-2.278389667555237863e-01,-2.355948642818019023e-01,-2.750027030914203863e-01,-2.655815032290524957e-01,-3.101161454020064379e-01,-3.181225615507373150e-01,-2.480052983143648249e-01,-2.617122641712284481e-01,-2.143918298443353576e-01,-2.805985131261500842e-01,-2.363552561930010176e-01,-2.463732351342169113e-01,-2.756149168390165105e-01,-2.152043677720963111e-01,-2.499440916141435765e-01,-2.832183348222733765e-01,-2.477066408724887536e-01,-2.448231667646870446e-01,-1.980203034469993351e-01,-2.765217211734180003e-01,-2.227132122224600441e-01,-2.654822063371814478e-01,-1.854590802274881378e-01,-2.489856672498558521e-01,-1.896181042510519665e-01,-1.913837305302457936e-01,-2.390338565742028409e-01,-1.996887105393191364e-01,-2.075030356544876331e-01,-1.935075137462708428e-01,-1.999642137397815433e-01,-2.044601016973151553e-01,-1.902024491326036182e-01,-2.119167360337438355e-01,-1.785287080758814482e-01,-2.136234703919454303e-01,-1.898916223384597424e-01,-1.929164434978826448e-01,-1.825272736085863656e-01,-2.215093038500218492e-01,-1.930965140990543449e-01,-1.623378458835438021e-01,-2.484352043655069509e-01,-2.358589930469738583e-01,-2.527059161339341720e-01,-2.511510010485383249e-01
0.000000000000000000e+00,0.000000000000000000e+00,0.000000000000000000e+00,0.000000000000000000e+00,0.000000000000000000e+00,0.000000000000000000e+00,0.000000000000000000e+00,0.000000000000000000e+00,0.000000000000000000e+00,0.000000000000000000e+00,0.000000000000000000e+00,0.000000000000000000e+00,0.000000000000000000e+00,0.000000000000000000e+00,0.000000000000000000e+00,0.000000000000000000e+00,0.000000000000000000e+00,0.000000000000000000e+00,0.000000000000000000e+00,0.000000000000000000e+00,0.000000000000000000e+00,0.000000000000000000e+00,0.000000000000000000e+00,0.000000000000000000e+00,0.000000000000000000e+00,0.000000000000000000e+00,0.000000000000000000e+00,0.000000000000000000e+00,0.000000000000000000e+00,0.000000000000000000e+00,0.000000000000000000e+00,0.000000000000000000e+00,0.000000000000000000e+00,0.000000000000000000e+00,0.000000000000000000e+00,0.000000000000000000e+00,0.000000000000000000e+00,0.000000000000000000e+00,0.000000000000000000e+00,0.000000000000000000e+00,0.000000000000000000e+00,0.000000000000000000e+00,0.000000000000000000e+00,0.000000000000000000e+00,0.000000000000000000e+00,0.000000000000000000e+00,0.000000000000000000e+00,0.000000000000000000e+00,0.000000000000000000e+00,0.000000000000000000e+00,0.000000000000000000e+00,0.000000000000000000e+00,0.000000000000000000e+00,0.000000000000000000e+00,0.000000000000000000e+00,0.000000000000000000e+00,0.000000000000000000e+00,0.000000000000000000e+00,0.000000000000000000e+00,0.000000000000000000e+00,0.000000000000000000e+00,0.000000000000000000e+00,0.000000000000000000e+00,0.000000000000000000e+00,0.000000000000000000e+00,0.000000000000000000e+00,0.000000000000000000e+00,0.000000000000000000e+00,0.000000000000000000e+00,0.000000000000000000e+00,0.000000000000000000e+00,0.000000000000000000e+00,0.000000000000000000e+00,0.000000000000000000e+00,0.000000000000000000e+00,0.000000000000000000e+00,0.000000000000000000e+00,0.000000000000000000e+00,0.000000000000000000e+00,0.000000000000000000e+00,0.000000000000000000e+00,0.000000000000000000e+00,0.000000000000000000e+00,0.000000000000000000e+00,0.000000000000000000e+00,0.000000000000000000e+00,0.000000000000000000e+00,0.000000000000000000e+00,0.000000000000000000e+00,0.000000000000000000e+00,0.000000000000000000e+00,0.000000000000000000e+00,0.000000000000000000e+00,0.000000000000000000e+00,0.000000000000000000e+00,0.000000000000000000e+00,0.000000000000000000e+00,0.000000000000000000e+00,0.000000000000000000e+00,0.000000000000000000e+00,0.000000000000000000e+00,0.000000000000000000e+00,0.000000000000000000e+00,0.000000000000000000e+00,0.000000000000000000e+00,0.000000000000000000e+00,0.000000000000000000e+00,0.000000000000000000e+00,0.000000000000000000e+00,0.000000000000000000e+00,0.000000000000000000e+00,0.000000000000000000e+00,0.000000000000000000e+00,0.000000000000000000e+00,0.000000000000000000e+00,0.000000000000000000e+00,0.000000000000000000e+00,0.000000000000000000e+00,0.000000000000000000e+00,0.000000000000000000e+00,0.000000000000000000e+00,0.000000000000000000e+00,0.000000000000000000e+00,0.000000000000000000e+00,0.000000000000000000e+00,0.000000000000000000e+00,0.000000000000000000e+00,0.000000000000000000e+00,0.000000000000000000e+00,0.000000000000000000e+00,0.000000000000000000e+00,0.000000000000000000e+00,0.000000000000000000e+00,0.000000000000000000e+00,0.000000000000000000e+00,0.000000000000000000e+00,0.000000000000000000e+00,0.000000000000000000e+00,0.000000000000000000e+00,0.000000000000000000e+00,0.000000000000000000e+00,0.000000000000000000e+00,0.000000000000000000e+00,0.000000000000000000e+00,0.000000000000000000e+00,0.000000000000000000e+00,0.000000000000000000e+00,0.000000000000000000e+00,0.000000000000000000e+00,0.000000000000000000e+00,0.000000000000000000e+00,0.000000000000000000e+00,0.000000000000000000e+00,0.000000000000000000e+00,0.000000000000000000e+00,0.000000000000000000e+00,0.000000000000000000e+00,0.000000000000000000e+00,0.000000000000000000e+00,0.000000000000000000e+00,0.000000000000000000e+00,0.000000000000000000e+00,0.000000000000000000e+00,0.000000000000000000e+00,0.000000000000000000e+00,0.000000000000000000e+00,0.000000000000000000e+00,0.000000000000000000e+00,0.000000000000000000e+00,0.000000000000000000e+00,0.000000000000000000e+00,0.000000000000000000e+00,0.000000000000000000e+00,0.000000000000000000e+00,0.000000000000000000e+00,0.000000000000000000e+00,0.000000000000000000e+00,0.000000000000000000e+00,0.000000000000000000e+00,0.000000000000000000e+00,0.000000000000000000e+00,0.000000000000000000e+00,0.000000000000000000e+00,0.000000000000000000e+00,0.000000000000000000e+00,0.000000000000000000e+00,0.000000000000000000e+00,0.000000000000000000e+00,0.000000000000000000e+00,0.000000000000000000e+00,0.000000000000000000e+00,0.000000000000000000e+00,0.000000000000000000e+00,0.000000000000000000e+00,0.000000000000000000e+00,0.000000000000000000e+00,0.000000000000000000e+00,0.000000000000000000e+00,0.000000000000000000e+00,0.000000000000000000e+00,0.000000000000000000e+00,0.000000000000000000e+00,0.000000000000000000e+00,0.000000000000000000e+00,0.000000000000000000e+00,0.000000000000000000e+00,0.000000000000000000e+00,0.000000000000000000e+00,0.000000000000000000e+00,0.000000000000000000e+00,0.000000000000000000e+00,0.000000000000000000e+00,0.000000000000000000e+00,0.000000000000000000e+00,0.000000000000000000e+00,0.000000000000000000e+00,0.000000000000000000e+00,0.000000000000000000e+00,0.000000000000000000e+00,0.000000000000000000e+00,0.000000000000000000e+00,0.000000000000000000e+00,0.000000000000000000e+00,0.000000000000000000e+00,0.000000000000000000e+00,0.000000000000000000e+00,0.000000000000000000e+00,0.000000000000000000e+00,0.000000000000000000e+00,0.000000000000000000e+00,0.000000000000000000e+00,0.000000000000000000e+00,0.000000000000000000e+00,0.000000000000000000e+00,0.000000000000000000e+00,0.000000000000000000e+00,0.000000000000000000e+00,0.000000000000000000e+00,0.000000000000000000e+00,0.000000000000000000e+00,0.000000000000000000e+00,0.000000000000000000e+00,0.000000000000000000e+00,0.000000000000000000e+00,0.000000000000000000e+00,0.000000000000000000e+00,0.000000000000000000e+00,0.000000000000000000e+00,0.000000000000000000e+00,0.000000000000000000e+00,0.000000000000000000e+00,0.000000000000000000e+00,0.000000000000000000e+00,0.000000000000000000e+00,0.000000000000000000e+00,0.000000000000000000e+00,0.000000000000000000e+00,0.000000000000000000e+00,0.000000000000000000e+00,0.000000000000000000e+00,0.000000000000000000e+00,0.000000000000000000e+00,0.000000000000000000e+00,0.000000000000000000e+00,0.000000000000000000e+00,0.000000000000000000e+00,0.000000000000000000e+00,0.000000000000000000e+00,0.000000000000000000e+00,0.000000000000000000e+00,0.000000000000000000e+00,0.000000000000000000e+00,0.000000000000000000e+00,0.000000000000000000e+00,0.000000000000000000e+00,0.000000000000000000e+00,0.000000000000000000e+00,0.000000000000000000e+00,0.000000000000000000e+00,0.000000000000000000e+00,0.000000000000000000e+00,0.000000000000000000e+00,0.000000000000000000e+00,0.000000000000000000e+00,0.000000000000000000e+00,0.000000000000000000e+00,0.000000000000000000e+00,0.000000000000000000e+00,0.000000000000000000e+00,0.000000000000000000e+00,0.000000000000000000e+00,0.000000000000000000e+00,0.000000000000000000e+00,0.000000000000000000e+00,0.000000000000000000e+00,0.000000000000000000e+00,0.000000000000000000e+00,0.000000000000000000e+00,0.000000000000000000e+00,0.000000000000000000e+00,0.000000000000000000e+00,0.000000000000000000e+00,0.000000000000000000e+00,0.000000000000000000e+00,0.000000000000000000e+00,0.000000000000000000e+00,0.000000000000000000e+00,0.000000000000000000e+00,0.000000000000000000e+00,0.000000000000000000e+00,0.000000000000000000e+00,0.000000000000000000e+00,0.000000000000000000e+00,0.000000000000000000e+00,0.000000000000000000e+00,0.000000000000000000e+00,0.000000000000000000e+00,0.000000000000000000e+00,0.000000000000000000e+00,0.000000000000000000e+00,0.000000000000000000e+00,0.000000000000000000e+00,0.000000000000000000e+00,0.000000000000000000e+00,0.000000000000000000e+00,0.000000000000000000e+00,0.000000000000000000e+00,0.000000000000000000e+00,0.000000000000000000e+00,0.000000000000000000e+00,0.000000000000000000e+00,0.000000000000000000e+00,0.000000000000000000e+00,0.000000000000000000e+00,0.000000000000000000e+00,0.000000000000000000e+00,0.000000000000000000e+00,0.000000000000000000e+00,0.000000000000000000e+00,0.000000000000000000e+00,0.000000000000000000e+00,0.000000000000000000e+00,0.000000000000000000e+00,0.000000000000000000e+00,0.000000000000000000e+00,0.000000000000000000e+00,0.000000000000000000e+00,0.000000000000000000e+00,0.000000000000000000e+00,0.000000000000000000e+00,0.000000000000000000e+00,0.000000000000000000e+00,0.000000000000000000e+00,0.000000000000000000e+00,0.000000000000000000e+00,0.000000000000000000e+00,0.000000000000000000e+00,0.000000000000000000e+00,0.000000000000000000e+00,0.000000000000000000e+00,0.000000000000000000e+00,0.000000000000000000e+00,0.000000000000000000e+00,0.000000000000000000e+00,0.000000000000000000e+00,0.000000000000000000e+00,0.000000000000000000e+00,0.000000000000000000e+00,0.000000000000000000e+00,0.000000000000000000e+00,0.000000000000000000e+00,0.000000000000000000e+00,0.000000000000000000e+00,0.000000000000000000e+00,0.000000000000000000e+00,0.000000000000000000e+00,0.000000000000000000e+00,0.000000000000000000e+00,0.000000000000000000e+00,0.000000000000000000e+00,0.000000000000000000e+00,0.000000000000000000e+00,0.000000000000000000e+00,0.000000000000000000e+00,0.000000000000000000e+00,0.000000000000000000e+00,0.000000000000000000e+00,0.000000000000000000e+00,0.000000000000000000e+00,0.000000000000000000e+00,0.000000000000000000e+00,0.000000000000000000e+00,0.000000000000000000e+00,0.000000000000000000e+00,0.000000000000000000e+00,0.000000000000000000e+00,0.000000000000000000e+00,0.000000000000000000e+00,0.000000000000000000e+00,0.000000000000000000e+00,0.000000000000000000e+00,0.000000000000000000e+00,0.000000000000000000e+00,0.000000000000000000e+00,0.000000000000000000e+00,0.000000000000000000e+00,0.000000000000000000e+00,0.000000000000000000e+00,0.000000000000000000e+00,0.000000000000000000e+00,0.000000000000000000e+00,0.000000000000000000e+00,0.000000000000000000e+00,0.000000000000000000e+00,0.000000000000000000e+00,0.000000000000000000e+00,0.000000000000000000e+00,0.000000000000000000e+00,0.000000000000000000e+00,0.000000000000000000e+00,0.000000000000000000e+00,0.000000000000000000e+00,0.000000000000000000e+00,0.000000000000000000e+00,0.000000000000000000e+00,0.000000000000000000e+00,0.000000000000000000e+00,0.000000000000000000e+00,0.000000000000000000e+00,0.000000000000000000e+00,0.000000000000000000e+00,0.000000000000000000e+00,0.000000000000000000e+00,0.000000000000000000e+00,0.000000000000000000e+00,0.000000000000000000e+00,0.000000000000000000e+00,0.000000000000000000e+00,0.000000000000000000e+00,0.000000000000000000e+00,0.000000000000000000e+00,0.000000000000000000e+00,0.000000000000000000e+00,0.000000000000000000e+00,0.000000000000000000e+00,0.000000000000000000e+00,0.000000000000000000e+00,0.000000000000000000e+00,0.000000000000000000e+00,0.000000000000000000e+00,0.000000000000000000e+00,0.000000000000000000e+00,0.000000000000000000e+00,0.000000000000000000e+00,0.000000000000000000e+00,0.000000000000000000e+00,0.000000000000000000e+00,0.000000000000000000e+00,0.000000000000000000e+00,0.000000000000000000e+00,0.000000000000000000e+00,0.000000000000000000e+00,0.000000000000000000e+00,0.000000000000000000e+00,0.000000000000000000e+00,0.000000000000000000e+00,0.000000000000000000e+00,0.000000000000000000e+00,0.000000000000000000e+00,0.000000000000000000e+00,0.000000000000000000e+00,0.000000000000000000e+00,0.000000000000000000e+00,0.000000000000000000e+00,0.000000000000000000e+00,0.000000000000000000e+00,0.000000000000000000e+00,0.000000000000000000e+00,0.000000000000000000e+00,0.000000000000000000e+00,0.000000000000000000e+00,0.000000000000000000e+00,0.000000000000000000e+00,0.000000000000000000e+00,0.000000000000000000e+00,0.000000000000000000e+00,0.000000000000000000e+00,0.000000000000000000e+00,0.000000000000000000e+00,0.000000000000000000e+00,0.000000000000000000e+00,0.000000000000000000e+00,0.000000000000000000e+00,0.000000000000000000e+00,0.000000000000000000e+00,0.000000000000000000e+00,0.000000000000000000e+00,0.000000000000000000e+00,0.000000000000000000e+00,0.000000000000000000e+00,0.000000000000000000e+00,0.000000000000000000e+00,0.000000000000000000e+00,0.000000000000000000e+00,0.000000000000000000e+00,0.000000000000000000e+00,0.000000000000000000e+00,0.000000000000000000e+00,0.000000000000000000e+00,0.000000000000000000e+00,0.000000000000000000e+00,0.000000000000000000e+00,0.000000000000000000e+00,0.000000000000000000e+00,0.000000000000000000e+00,0.000000000000000000e+00,0.000000000000000000e+00,0.000000000000000000e+00,0.000000000000000000e+00,0.000000000000000000e+00,0.000000000000000000e+00,0.000000000000000000e+00,0.000000000000000000e+00,0.000000000000000000e+00,0.000000000000000000e+00,0.000000000000000000e+00,0.000000000000000000e+00,0.000000000000000000e+00,0.000000000000000000e+00,0.000000000000000000e+00,0.000000000000000000e+00,0.000000000000000000e+00,0.000000000000000000e+00,0.000000000000000000e+00,0.000000000000000000e+00,0.000000000000000000e+00,0.000000000000000000e+00,0.000000000000000000e+00,0.000000000000000000e+00,0.000000000000000000e+00,0.000000000000000000e+00,0.000000000000000000e+00,0.000000000000000000e+00,0.000000000000000000e+00,0.000000000000000000e+00,0.000000000000000000e+00,0.000000000000000000e+00,0.000000000000000000e+00,0.000000000000000000e+00,0.000000000000000000e+00,0.000000000000000000e+00,0.000000000000000000e+00,0.000000000000000000e+00,0.000000000000000000e+00,0.000000000000000000e+00,0.000000000000000000e+00,0.000000000000000000e+00,0.000000000000000000e+00,0.000000000000000000e+00,0.000000000000000000e+00,0.000000000000000000e+00,0.000000000000000000e+00,0.000000000000000000e+00,0.000000000000000000e+00,0.000000000000000000e+00,0.000000000000000000e+00,0.000000000000000000e+00,0.000000000000000000e+00,0.000000000000000000e+00,0.000000000000000000e+00,0.000000000000000000e+00,0.000000000000000000e+00,0.000000000000000000e+00,0.000000000000000000e+00,0.000000000000000000e+00,0.000000000000000000e+00,0.000000000000000000e+00,0.000000000000000000e+00,0.000000000000000000e+00,0.000000000000000000e+00,0.000000000000000000e+00,0.000000000000000000e+00,0.000000000000000000e+00,0.000000000000000000e+00,0.000000000000000000e+00,0.000000000000000000e+00,0.000000000000000000e+00,0.000000000000000000e+00,0.000000000000000000e+00,0.000000000000000000e+00,0.000000000000000000e+00,0.000000000000000000e+00,0.000000000000000000e+00,0.000000000000000000e+00,0.000000000000000000e+00,0.000000000000000000e+00,0.000000000000000000e+00,0.000000000000000000e+00,0.000000000000000000e+00,0.000000000000000000e+00,0.000000000000000000e+00,0.000000000000000000e+00,0.000000000000000000e+00,0.000000000000000000e+00,0.000000000000000000e+00,0.000000000000000000e+00,0.000000000000000000e+00,0.000000000000000000e+00,0.000000000000000000e+00,0.000000000000000000e+00,0.000000000000000000e+00,0.000000000000000000e+00,0.000000000000000000e+00,0.000000000000000000e+00,0.000000000000000000e+00,0.000000000000000000e+00,0.000000000000000000e+00,0.000000000000000000e+00,0.000000000000000000e+00,0.000000000000000000e+00,0.000000000000000000e+00,0.000000000000000000e+00,0.000000000000000000e+00,0.000000000000000000e+00,0.000000000000000000e+00,0.000000000000000000e+00,0.000000000000000000e+00,0.000000000000000000e+00,0.000000000000000000e+00,0.000000000000000000e+00,0.000000000000000000e+00,0.000000000000000000e+00,0.000000000000000000e+00,0.000000000000000000e+00,0.000000000000000000e+00,0.000000000000000000e+00,0.000000000000000000e+00,0.000000000000000000e+00,0.000000000000000000e+00,0.000000000000000000e+00,0.000000000000000000e+00,0.000000000000000000e+00,0.000000000000000000e+00,0.000000000000000000e+00,0.000000000000000000e+00,0.000000000000000000e+00,0.000000000000000000e+00,0.000000000000000000e+00,0.000000000000000000e+00,0.000000000000000000e+00,0.000000000000000000e+00,0.000000000000000000e+00,0.000000000000000000e+00,0.000000000000000000e+00,0.000000000000000000e+00,0.000000000000000000e+00,0.000000000000000000e+00,0.000000000000000000e+00,0.000000000000000000e+00,0.000000000000000000e+00,0.000000000000000000e+00,0.000000000000000000e+00,0.000000000000000000e+00,0.000000000000000000e+00,0.000000000000000000e+00,0.000000000000000000e+00,0.000000000000000000e+00,0.000000000000000000e+00,0.000000000000000000e+00,0.000000000000000000e+00,0.000000000000000000e+00,0.000000000000000000e+00,0.000000000000000000e+00,0.000000000000000000e+00,0.000000000000000000e+00,0.000000000000000000e+00,0.000000000000000000e+00,0.000000000000000000e+00,0.000000000000000000e+00,0.000000000000000000e+00,0.000000000000000000e+00,0.000000000000000000e+00,0.000000000000000000e+00,0.000000000000000000e+00,0.000000000000000000e+00,0.000000000000000000e+00,0.000000000000000000e+00,0.000000000000000000e+00,0.000000000000000000e+00,0.000000000000000000e+00,0.000000000000000000e+00,0.000000000000000000e+00,0.000000000000000000e+00,0.000000000000000000e+00,0.000000000000000000e+00,0.000000000000000000e+00,0.000000000000000000e+00,0.000000000000000000e+00,0.000000000000000000e+00,0.000000000000000000e+00,0.000000000000000000e+00,0.000000000000000000e+00,0.000000000000000000e+00,0.000000000000000000e+00,0.000000000000000000e+00,0.000000000000000000e+00,0.000000000000000000e+00,0.000000000000000000e+00,0.000000000000000000e+00,0.000000000000000000e+00,0.000000000000000000e+00,0.000000000000000000e+00,0.000000000000000000e+00,0.000000000000000000e+00,0.000000000000000000e+00,0.000000000000000000e+00,0.000000000000000000e+00,0.000000000000000000e+00,0.000000000000000000e+00,0.000000000000000000e+00,0.000000000000000000e+00,0.000000000000000000e+00,0.000000000000000000e+00,0.000000000000000000e+00,0.000000000000000000e+00,0.000000000000000000e+00,0.000000000000000000e+00,0.000000000000000000e+00,0.000000000000000000e+00,0.000000000000000000e+00,0.000000000000000000e+00,0.000000000000000000e+00,0.000000000000000000e+00,0.000000000000000000e+00,0.000000000000000000e+00,0.000000000000000000e+00,0.000000000000000000e+00,0.000000000000000000e+00,0.000000000000000000e+00,0.000000000000000000e+00,0.000000000000000000e+00,0.000000000000000000e+00,0.000000000000000000e+00,0.000000000000000000e+00,0.000000000000000000e+00,0.000000000000000000e+00,0.000000000000000000e+00,0.000000000000000000e+00,0.000000000000000000e+00,0.000000000000000000e+00,0.000000000000000000e+00,0.000000000000000000e+00,0.000000000000000000e+00,0.000000000000000000e+00,0.000000000000000000e+00,0.000000000000000000e+00,0.000000000000000000e+00,0.000000000000000000e+00,0.000000000000000000e+00,0.000000000000000000e+00,0.000000000000000000e+00,0.000000000000000000e+00,0.000000000000000000e+00,0.000000000000000000e+00,0.000000000000000000e+00,0.000000000000000000e+00,0.000000000000000000e+00,0.000000000000000000e+00,0.000000000000000000e+00,0.000000000000000000e+00,0.000000000000000000e+00,0.000000000000000000e+00,0.000000000000000000e+00,0.000000000000000000e+00,0.000000000000000000e+00,0.000000000000000000e+00,0.000000000000000000e+00,0.000000000000000000e+00,0.000000000000000000e+00,0.000000000000000000e+00,0.000000000000000000e+00,0.000000000000000000e+00,0.000000000000000000e+00,0.000000000000000000e+00,0.000000000000000000e+00,0.000000000000000000e+00,0.000000000000000000e+00,0.000000000000000000e+00,0.000000000000000000e+00,0.000000000000000000e+00,0.000000000000000000e+00,0.000000000000000000e+00,0.000000000000000000e+00,0.000000000000000000e+00,0.000000000000000000e+00,0.000000000000000000e+00,0.000000000000000000e+00,0.000000000000000000e+00,0.000000000000000000e+00,0.000000000000000000e+00,0.000000000000000000e+00,0.000000000000000000e+00,0.000000000000000000e+00,0.000000000000000000e+00,0.000000000000000000e+00,0.000000000000000000e+00,0.000000000000000000e+00,0.000000000000000000e+00,0.000000000000000000e+00,0.000000000000000000e+00,0.000000000000000000e+00,0.000000000000000000e+00,0.000000000000000000e+00,0.000000000000000000e+00,0.000000000000000000e+00,0.000000000000000000e+00,0.000000000000000000e+00,0.000000000000000000e+00,0.000000000000000000e+00,0.000000000000000000e+00,0.000000000000000000e+00,0.000000000000000000e+00,0.000000000000000000e+00,0.000000000000000000e+00,0.000000000000000000e+00,0.000000000000000000e+00,0.000000000000000000e+00,0.000000000000000000e+00,0.000000000000000000e+00,0.000000000000000000e+00,0.000000000000000000e+00,0.000000000000000000e+00,0.000000000000000000e+00,0.000000000000000000e+00,0.000000000000000000e+00,0.000000000000000000e+00,0.000000000000000000e+00,0.000000000000000000e+00,0.000000000000000000e+00,0.000000000000000000e+00,0.000000000000000000e+00,0.000000000000000000e+00,0.000000000000000000e+00,0.000000000000000000e+00,0.000000000000000000e+00,0.000000000000000000e+00,0.000000000000000000e+00,0.000000000000000000e+00,0.000000000000000000e+00,0.000000000000000000e+00,0.000000000000000000e+00,0.000000000000000000e+00,0.000000000000000000e+00,0.000000000000000000e+00,0.000000000000000000e+00,0.000000000000000000e+00,0.000000000000000000e+00,0.000000000000000000e+00,0.000000000000000000e+00,0.000000000000000000e+00,0.000000000000000000e+00,0.000000000000000000e+00,0.000000000000000000e+00,0.000000000000000000e+00,0.000000000000000000e+00,0.000000000000000000e+00,0.000000000000000000e+00,0.000000000000000000e+00,0.000000000000000000e+00,0.000000000000000000e+00,0.000000000000000000e+00,0.000000000000000000e+00,0.000000000000000000e+00,0.000000000000000000e+00,0.000000000000000000e+00,0.000000000000000000e+00,0.000000000000000000e+00,0.000000000000000000e+00,0.000000000000000000e+00,0.000000000000000000e+00,0.000000000000000000e+00,0.000000000000000000e+00,0.000000000000000000e+00,0.000000000000000000e+00,0.000000000000000000e+00,0.000000000000000000e+00,0.000000000000000000e+00,0.000000000000000000e+00,0.000000000000000000e+00,0.000000000000000000e+00,0.000000000000000000e+00,0.000000000000000000e+00,0.000000000000000000e+00,0.000000000000000000e+00,0.000000000000000000e+00,0.000000000000000000e+00,0.000000000000000000e+00,0.000000000000000000e+00,0.000000000000000000e+00,0.000000000000000000e+00,0.000000000000000000e+00,0.000000000000000000e+00,0.000000000000000000e+00,0.000000000000000000e+00,0.000000000000000000e+00,0.000000000000000000e+00,0.000000000000000000e+00,0.000000000000000000e+00,0.000000000000000000e+00,0.000000000000000000e+00,0.000000000000000000e+00,0.000000000000000000e+00,0.000000000000000000e+00,0.000000000000000000e+00,0.000000000000000000e+00,0.000000000000000000e+00,0.000000000000000000e+00,0.000000000000000000e+00,0.000000000000000000e+00,0.000000000000000000e+00,0.000000000000000000e+00,0.000000000000000000e+00,0.000000000000000000e+00,0.000000000000000000e+00,0.000000000000000000e+00,0.000000000000000000e+00,0.000000000000000000e+00,0.000000000000000000e+00,0.000000000000000000e+00,0.000000000000000000e+00,0.000000000000000000e+00,0.000000000000000000e+00,0.000000000000000000e+00,0.000000000000000000e+00,0.000000000000000000e+00,0.000000000000000000e+00,0.000000000000000000e+00,0.000000000000000000e+00,0.000000000000000000e+00,0.000000000000000000e+00,0.000000000000000000e+00,0.000000000000000000e+00,0.000000000000000000e+00,0.000000000000000000e+00,0.000000000000000000e+00,0.000000000000000000e+00,0.000000000000000000e+00,0.000000000000000000e+00,0.000000000000000000e+00,0.000000000000000000e+00,0.000000000000000000e+00,0.000000000000000000e+00,0.000000000000000000e+00,0.000000000000000000e+00,0.000000000000000000e+00,0.000000000000000000e+00,0.000000000000000000e+00,0.000000000000000000e+00,0.000000000000000000e+00,0.000000000000000000e+00,0.000000000000000000e+00,0.000000000000000000e+00,0.000000000000000000e+00,0.000000000000000000e+00,0.000000000000000000e+00,0.000000000000000000e+00,0.000000000000000000e+00,0.000000000000000000e+00,0.000000000000000000e+00,0.000000000000000000e+00,0.000000000000000000e+00,0.000000000000000000e+00,0.000000000000000000e+00,0.000000000000000000e+00,0.000000000000000000e+00,0.000000000000000000e+00,0.000000000000000000e+00,0.000000000000000000e+00,0.000000000000000000e+00,0.000000000000000000e+00,0.000000000000000000e+00,0.000000000000000000e+00,0.000000000000000000e+00,0.000000000000000000e+00,0.000000000000000000e+00,0.000000000000000000e+00,0.000000000000000000e+00,0.000000000000000000e+00,0.000000000000000000e+00,0.000000000000000000e+00,0.000000000000000000e+00,0.000000000000000000e+00,0.000000000000000000e+00,0.000000000000000000e+00,0.000000000000000000e+00,0.000000000000000000e+00,0.000000000000000000e+00,0.000000000000000000e+00,0.000000000000000000e+00,0.000000000000000000e+00
